       1        -0.92366        -0.48596        -0.40476       0       0
       2        -0.97029        -0.37517         0.54942       0       0
       3        -0.96734         0.45944        -0.33876       0       0
       4        -0.88951         0.46736         0.51962       0       0
       5         0.04025        -0.41603        -0.41646       0       0
       6          0.0411        -0.15585         0.43847       0       0
       7          0.0834           0.406        -0.46675       0       0
       8         0.03291         0.44295         0.42489       0       0
       9        -0.96039          -0.498        -0.40235       0       0
      10        -0.92848        -0.54989        -0.24385       0       0
      11        -0.90918        -0.51752        -0.17942       0       0
      12        -0.86625        -0.52974        -0.00693       0       0
      13        -1.00402        -0.45675         0.10763       0       0
      14        -1.05067        -0.39206         0.09081       0       0
      15         -1.0358        -0.47477         0.29235       0       0
      16        -0.96974        -0.46616          0.4003       0       0
      17         -1.0431          0.4047         0.34018       0       0
      18         -1.0644         0.32662         0.22991       0       0
      19        -0.98247         0.46398         0.24899       0       0
      20        -0.99843         0.34565         0.16671       0       0
      21        -0.97291          0.4039         0.07985       0       0
      22        -0.94729         0.40506        -0.01936       0       0
      23        -0.96992         0.41092        -0.20842       0       0
      24        -0.95719         0.40473         -0.2468       0       0
      25         0.00565          0.5404         0.41104       0       0
      26         0.03904         0.42324          0.1852       0       0
      27         0.03597         0.44047         0.19931       0       0
      28         0.04788         0.42041         0.07839       0       0
      29         0.00561         0.35045         -0.0119       0       0
      30        -0.02137         0.38427        -0.15082       0       0
      31          0.0205         0.38171         -0.3141       0       0
      32          0.0519         0.33464        -0.28547       0       0
      33         0.00763        -0.46904          0.3402       0       0
      34         0.00773        -0.52289         0.26692       0       0
      35         0.11694        -0.33148         0.19534       0       0
      36        -0.00204        -0.29466        -0.01453       0       0
      37         0.01714        -0.42151        -0.07177       0       0
      38         0.03966        -0.46954        -0.16314       0       0
      39         0.02568        -0.40152        -0.14578       0       0
      40        -0.02548         -0.3674        -0.11512       0       0
      41        -0.09478         0.31489        -0.39056       0       0
      42         -0.2296         0.44853        -0.36533       0       0
      43        -0.30354         0.38216        -0.43774       0       0
      44        -0.44982         0.41176        -0.25887       0       0
      45        -0.48851          0.4068        -0.37727       0       0
      46        -0.66428         0.32496        -0.38159       0       0
      47         -0.6704          0.4415        -0.38304       0       0
      48        -0.90617         0.42321        -0.39678       0       0
      49        -0.94835          0.4747          0.4929       0       0
      50        -0.70399         0.51655         0.47299       0       0
      51        -0.61673         0.40078         0.52238       0       0
      52        -0.58212         0.48445         0.49501       0       0
      53        -0.39619         0.29295         0.33929       0       0
      54        -0.28397         0.44531         0.45501       0       0
      55        -0.15729         0.41852           0.545       0       0
      56         0.00748         0.31757          0.4394       0       0
      57        -0.88474         -0.4853        -0.47141       0       0
      58        -0.63177        -0.45204        -0.46754       0       0
      59        -0.73719        -0.42369        -0.48136       0       0
      60        -0.58814        -0.50638        -0.38321       0       0
      61        -0.39772        -0.38091         -0.3386       0       0
      62        -0.32743        -0.42575        -0.27745       0       0
      63        -0.18031        -0.47789        -0.47153       0       0
      64         -0.0687         -0.3149        -0.41364       0       0
      65        -0.08806        -0.31491         0.32707       0       0
      66        -0.22352        -0.14778         0.30955       0       0
      67        -0.31001        -0.40816         0.45996       0       0
      68        -0.39105        -0.32443         0.42427       0       0
      69        -0.65046        -0.49144         0.49684       0       0
      70        -0.67865        -0.40111         0.50087       0       0
      71        -0.79624        -0.34251         0.42304       0       0
      72        -0.99125        -0.49466          0.5098       0       0
      73         -0.1154        -0.38665        -0.30744       0       0
      74        -0.26661         -0.5428        -0.39753       0       0
      75        -0.39486         -0.3492        -0.30038       0       0
      76        -0.43315        -0.49836        -0.22426       0       0
      77        -0.62205        -0.50841        -0.33851       0       0
      78        -0.73426        -0.50517        -0.29431       0       0
      79        -0.70524        -0.48208        -0.34778       0       0
      80        -0.87616        -0.43759        -0.33125       0       0
      81        -0.07699        -0.34081        -0.08547       0       0
      82        -0.20289         -0.2932        -0.24684       0       0
      83         -0.3581        -0.44971        -0.30232       0       0
      84        -0.38016        -0.40037        -0.14471       0       0
      85          -0.529        -0.31272        -0.20565       0       0
      86        -0.68006         -0.4539        -0.23989       0       0
      87        -0.77733         -0.4752        -0.16971       0       0
      88        -0.95167        -0.50699        -0.16342       0       0
      89        -0.19396        -0.45136        -0.17952       0       0
      90        -0.25623        -0.48906        -0.18989       0       0
      91        -0.37039        -0.51451        -0.14791       0       0
      92        -0.45901        -0.34361        -0.10622       0       0
      93        -0.55363        -0.33749         -0.0649       0       0
      94        -0.65726        -0.37012        -0.12108       0       0
      95        -0.84206        -0.47444        -0.09304       0       0
      96        -0.86555         -0.3873        -0.13646       0       0
      97        -0.09882        -0.16166         0.09223       0       0
      98        -0.22741        -0.22043          0.0289       0       0
      99        -0.36315        -0.46287        -0.02259       0       0
     100        -0.40511        -0.36336        -0.07394       0       0
     101         -0.5448        -0.41434        -0.00421       0       0
     102        -0.66083        -0.43435         0.16974       0       0
     103        -0.82186        -0.39514        -0.00941       0       0
     104        -0.76647        -0.45448        -0.03725       0       0
     105        -0.14386        -0.56244         0.09569       0       0
     106        -0.18928        -0.43383         0.05257       0       0
     107        -0.35225        -0.48877         0.13541       0       0
     108         -0.4294         -0.4707         0.07945       0       0
     109        -0.44616        -0.44078        -0.02001       0       0
     110        -0.60072        -0.37233         0.04878       0       0
     111         -0.7064        -0.48904         0.09665       0       0
     112        -0.86706        -0.42775         0.12079       0       0
     113        -0.15689        -0.43732         0.19095       0       0
     114         -0.2594        -0.43287         0.16785       0       0
     115        -0.37234         -0.5016         0.22789       0       0
     116        -0.43396        -0.43576         0.18909       0       0
     117        -0.52641        -0.36236         0.24835       0       0
     118        -0.58346        -0.47915         0.14517       0       0
     119         -0.7911        -0.44217         0.17229       0       0
     120        -0.83678        -0.45672         0.16587       0       0
     121        -0.12615        -0.43878         0.35475       0       0
     122        -0.24225        -0.47467         0.22607       0       0
     123        -0.34723        -0.44118         0.29637       0       0
     124         -0.4309        -0.38764         0.35104       0       0
     125        -0.51296        -0.35917         0.22273       0       0
     126         -0.7098        -0.42534         0.37308       0       0
     127        -0.76331        -0.45866         0.38666       0       0
     128         -0.8022        -0.42189         0.33983       0       0
     129        -0.09092        -0.46443         0.31309       0       0
     130        -0.28149        -0.48538         0.29452       0       0
     131        -0.33929        -0.50108         0.36745       0       0
     132        -0.43468        -0.34428         0.34988       0       0
     133        -0.50384        -0.44197         0.34425       0       0
     134         -0.6425        -0.37096          0.2966       0       0
     135        -0.77619        -0.37173         0.39801       0       0
     136        -0.81206        -0.52933         0.36037       0       0
     137        -0.89006         0.30975        -0.32153       0       0
     138        -0.72222         0.40059        -0.24014       0       0
     139        -0.53602         0.28197        -0.29206       0       0
     140        -0.56322         0.38324        -0.36959       0       0
     141        -0.48591         0.42023        -0.29348       0       0
     142        -0.33485         0.44008        -0.30781       0       0
     143        -0.21151         0.30527        -0.36141       0       0
     144        -0.08363         0.31606        -0.23554       0       0
     145         -0.9141         0.41161        -0.20387       0       0
     146        -0.75539         0.43362        -0.11529       0       0
     147        -0.68323         0.34108        -0.21673       0       0
     148        -0.63349         0.46739        -0.15485       0       0
     149        -0.45903         0.47646        -0.20978       0       0
     150        -0.34843         0.42615        -0.23238       0       0
     151        -0.18745         0.20225        -0.10247       0       0
     152        -0.06871         0.37937        -0.17477       0       0
     153        -0.86664         0.40739        -0.05914       0       0
     154        -0.76434         0.43464        -0.11286       0       0
     155         -0.6853         0.37901        -0.11538       0       0
     156        -0.64131         0.40748        -0.02389       0       0
     157        -0.46934         0.39668        -0.06908       0       0
     158        -0.35345         0.44179        -0.11098       0       0
     159        -0.22549         0.36819        -0.26543       0       0
     160        -0.13707         0.30762        -0.06607       0       0
     161        -0.87273         0.34927         0.06956       0       0
     162        -0.78195         0.39206        -0.05812       0       0
     163         -0.6564         0.36263         -0.0338       0       0
     164        -0.60905         0.47407          0.0237       0       0
     165        -0.36815         0.42846        -0.04712       0       0
     166        -0.37468         0.35826         0.00683       0       0
     167        -0.20835         0.44926         0.04506       0       0
     168        -0.08367         0.33188         0.01338       0       0
     169        -0.88143         0.35973         0.05425       0       0
     170        -0.80332         0.29855         0.15635       0       0
     171        -0.71706          0.4226         0.04288       0       0
     172        -0.62748         0.43786         0.06838       0       0
     173        -0.44897         0.39117         0.08907       0       0
     174         -0.3471         0.35069         0.02302       0       0
     175        -0.22741          0.4183         0.12893       0       0
     176        -0.13173         0.34572         0.04406       0       0
     177        -0.88294         0.37911         0.12657       0       0
     178        -0.79455         0.34282         0.15378       0       0
     179        -0.58309         0.40963         0.14256       0       0
     180        -0.58641         0.44224         0.27402       0       0
     181        -0.50466         0.49507         0.19814       0       0
     182        -0.34926         0.35072         0.13726       0       0
     183        -0.16837         0.30514         0.02422       0       0
     184        -0.13158         0.30268         0.21246       0       0
     185        -0.87453         0.39086          0.3008       0       0
     186         -0.8049         0.35404         0.34932       0       0
     187        -0.65359          0.4245         0.26366       0       0
     188        -0.60188         0.41302         0.27985       0       0
     189        -0.50493         0.49328         0.27106       0       0
     190        -0.39325         0.49181          0.2282       0       0
     191        -0.26589         0.28573         0.27326       0       0
     192        -0.11232          0.3023         0.14973       0       0
     193        -0.91976         0.44222         0.37596       0       0
     194        -0.78516         0.39694         0.37713       0       0
     195         -0.6787         0.45045         0.44558       0       0
     196        -0.55672         0.40978         0.38664       0       0
     197        -0.52489         0.51189         0.40923       0       0
     198        -0.37378         0.36071         0.37118       0       0
     199        -0.20593         0.41202         0.34083       0       0
     200         -0.0923         0.33898         0.30093       0       0
     201        -0.93157         0.34166        -0.42683       0       0
     202        -1.03366         0.15111        -0.31901       0       0
     203        -0.94458         0.15182        -0.34824       0       0
     204        -1.02031         0.00029        -0.40314       0       0
     205        -1.04478         -0.1404        -0.40473       0       0
     206        -1.02775        -0.21186         -0.4441       0       0
     207          -1.027        -0.23559        -0.40356       0       0
     208        -1.04108        -0.39992        -0.43737       0       0
     209        -0.92636        -0.31793          0.4382       0       0
     210        -0.88676        -0.19821         0.57664       0       0
     211        -0.94767        -0.15248         0.47343       0       0
     212        -0.91442         0.00734         0.51113       0       0
     213        -0.96873          0.0434         0.47321       0       0
     214        -1.01698         0.18107          0.4692       0       0
     215        -0.93166         0.17519         0.42829       0       0
     216        -0.98324         0.35839         0.47413       0       0
     217         0.00329        -0.29005        -0.46538       0       0
     218        -0.01408        -0.24006        -0.42838       0       0
     219          -0.015        -0.13352        -0.49581       0       0
     220         0.01196         0.05199        -0.25913       0       0
     221         0.01145        -0.01408        -0.42773       0       0
     222         0.01161         0.14888        -0.42185       0       0
     223         0.00988         0.23764        -0.42751       0       0
     224        -0.04746          0.1686        -0.35261       0       0
     225         0.00892         0.38528         0.46524       0       0
     226         0.00555         0.28304         0.51567       0       0
     227        -0.00393          0.1282         0.52467       0       0
     228        -0.04021         0.02512         0.44862       0       0
     229        -0.04781         -0.0813         0.46529       0       0
     230        -0.06577         -0.1671         0.49682       0       0
     231         0.04205        -0.32726         0.32738       0       0
     232         0.06395        -0.45703         0.40435       0       0
     233        -0.01981         0.17937         -0.0799       0       0
     234        -0.05129         0.20961        -0.30185       0       0
     235         -0.0699         0.09764         -0.1822       0       0
     236        -0.00021         0.21749        -0.10981       0       0
     237        -0.05685        -0.12852        -0.43251       0       0
     238        -0.05966          -0.186        -0.33985       0       0
     239        -0.05382        -0.28387        -0.33632       0       0
     240        -0.04079         -0.4506        -0.30624       0       0
     241         0.02314         0.31397        -0.22529       0       0
     242         0.00443         0.36746        -0.16323       0       0
     243         0.05392         0.21299        -0.22406       0       0
     244         0.00884         0.19225        -0.19111       0       0
     245         -0.0536        -0.11321        -0.06453       0       0
     246         0.01207        -0.16239        -0.10629       0       0
     247        -0.00806        -0.09629        -0.15203       0       0
     248        -0.00358        -0.14052        -0.22458       0       0
     249         0.04037         0.27403        -0.06182       0       0
     250         0.00431         0.08668        -0.08345       0       0
     251        -0.01585         0.13016        -0.02128       0       0
     252        -0.01404         0.09302        -0.02035       0       0
     253        -0.01692        -0.09657        -0.15426       0       0
     254         0.00692        -0.21185        -0.02558       0       0
     255         0.07547        -0.26087        -0.03338       0       0
     256        -0.01007        -0.46172        -0.08132       0       0
     257         -0.0255         0.13263         -0.0208       0       0
     258         0.05362         0.13545         0.06702       0       0
     259         0.07238         0.12999        -0.01171       0       0
     260         0.06936         0.06511         0.02743       0       0
     261          0.0807        -0.07663        -0.02059       0       0
     262         0.04749        -0.11572        -0.03081       0       0
     263         0.07134        -0.11457        -0.05791       0       0
     264         0.07054        -0.18121         0.05663       0       0
     265         0.04289          0.0659         0.11895       0       0
     266          0.0561         0.06024         0.11115       0       0
     267         0.04559         0.01682         0.06824       0       0
     268         0.01542        -0.04514         0.20204       0       0
     269          0.0041        -0.04222         0.28295       0       0
     270         0.01638        -0.18909        -0.01832       0       0
     271         0.01558        -0.25983         0.06979       0       0
     272        -0.02026        -0.38346         0.06529       0       0
     273         0.03563         0.30968         0.17928       0       0
     274         0.04871         0.22154         0.16855       0       0
     275         0.04681         0.17487         0.20264       0       0
     276         0.02523         0.03687         0.14922       0       0
     277         0.05905        -0.10606         0.16132       0       0
     278         0.02838        -0.10812         0.13473       0       0
     279         0.01342        -0.23817         0.20215       0       0
     280         0.05514        -0.30898         0.20513       0       0
     281          0.0466         0.29215         0.30007       0       0
     282         0.05904         0.22216          0.1864       0       0
     283         0.04801         0.22172         0.36074       0       0
     284         0.01743         0.07557         0.17594       0       0
     285          0.0092          -0.072         0.21756       0       0
     286         0.04346         -0.1641         0.29742       0       0
     287         0.05379        -0.16115           0.197       0       0
     288         0.02062        -0.28491         0.22929       0       0
     289        -0.01022         0.05041          0.2592       0       0
     290         0.00406         0.13677         0.26204       0       0
     291         0.08313         0.10719         0.29069       0       0
     292         0.03542        -0.02152         0.18087       0       0
     293         0.00365        -0.09747          0.2639       0       0
     294        -0.04084        -0.20481         0.25979       0       0
     295        -0.06673         -0.1487         0.29733       0       0
     296         0.01409        -0.28745         0.29828       0       0
     297        -0.96481         -0.3476        -0.31767       0       0
     298        -0.99489        -0.25791        -0.33926       0       0
     299         -1.0042        -0.18657        -0.31088       0       0
     300        -0.96632        -0.05171        -0.25913       0       0
     301        -1.00435         0.07205        -0.22971       0       0
     302        -1.00338         0.12055        -0.32549       0       0
     303        -0.96972         0.23697        -0.28893       0       0
     304        -0.99641         0.31529        -0.23389       0       0
     305        -0.99436        -0.35973          -0.223       0       0
     306        -1.02681        -0.28463        -0.28575       0       0
     307        -1.01677        -0.23851        -0.21028       0       0
     308        -0.97485         -0.0724        -0.25491       0       0
     309        -0.91166          0.0067        -0.27054       0       0
     310        -0.96226         0.10875        -0.22007       0       0
     311        -0.95706          0.2507        -0.21061       0       0
     312        -0.98705         0.30544        -0.29024       0       0
     313         -0.9909        -0.40393        -0.16286       0       0
     314        -0.98054        -0.32161        -0.09075       0       0
     315        -1.00289        -0.19854        -0.13858       0       0
     316        -0.99456         -0.1288        -0.01807       0       0
     317        -1.03517        -0.00533        -0.15412       0       0
     318        -0.98398         0.13033        -0.11666       0       0
     319        -0.98492          0.2336        -0.05458       0       0
     320        -0.97458         0.34271        -0.07623       0       0
     321        -0.96673        -0.39726        -0.06037       0       0
     322        -1.00101        -0.22076        -0.05195       0       0
     323        -1.00008        -0.15902        -0.07061       0       0
     324        -1.01325        -0.01535        -0.03115       0       0
     325        -1.02329        -0.02314         -0.0052       0       0
     326        -1.04342         0.00823         -0.0075       0       0
     327        -0.96185         0.20405          -0.039       0       0
     328        -1.00052          0.3106         0.01305       0       0
     329        -0.96517         -0.3375         0.09909       0       0
     330        -0.95717        -0.27246         0.12421       0       0
     331        -0.98208        -0.15096         0.17251       0       0
     332        -0.98121        -0.05786         0.13699       0       0
     333        -0.98179         0.02596         0.18362       0       0
     334        -0.94305         0.11578         0.07101       0       0
     335        -1.01254         0.18137          0.0494       0       0
     336        -1.01736         0.36766         0.13393       0       0
     337        -0.99857        -0.38332         0.21615       0       0
     338        -1.03403        -0.19353         0.19515       0       0
     339        -0.96913        -0.16128         0.24924       0       0
     340         -1.0112        -0.00807         0.15295       0       0
     341        -0.97794         0.01277         0.15091       0       0
     342        -1.02989         0.12061         0.20911       0       0
     343        -1.03674         0.23178         0.15979       0       0
     344        -1.02756         0.33341         0.18258       0       0
     345        -0.90527        -0.40116         0.26111       0       0
     346        -1.08037        -0.24522         0.23925       0       0
     347        -1.02248        -0.13528          0.2936       0       0
     348        -1.03701        -0.03256         0.23449       0       0
     349        -1.02962        -0.00539         0.28129       0       0
     350        -1.03927         0.19767         0.32525       0       0
     351        -1.01643         0.24825         0.24297       0       0
     352        -0.97389         0.40223         0.21755       0       0
     353        -0.83746        -0.34108         0.38307       0       0
     354        -0.89591        -0.28699         0.34228       0       0
     355        -0.98107        -0.16878         0.31167       0       0
     356        -1.00581        -0.01477         0.47629       0       0
     357        -0.98198         0.10725         0.35325       0       0
     358        -0.99152         0.12406         0.37955       0       0
     359        -0.96846          0.1538         0.39314       0       0
     360        -0.94595         0.39534         0.47192       0       0
     361        -0.14676         0.31577         0.21934       0       0
     362        -0.11182         0.26493         0.50523       0       0
     363        -0.05952         0.13434         0.43881       0       0
     364        -0.10083         0.04474         0.46126       0       0
     365        -0.14355        -0.05908         0.52529       0       0
     366        -0.11728        -0.02693         0.44684       0       0
     367        -0.16187        -0.23457         0.45371       0       0
     368        -0.16178        -0.33046         0.43582       0       0
     369        -0.23705         0.31505         0.49804       0       0
     370        -0.25726         0.21445         0.48527       0       0
     371        -0.17781         0.04496         0.28053       0       0
     372         -0.2472         0.18238         0.50073       0       0
     373        -0.24463        -0.11237          0.4525       0       0
     374         -0.2728        -0.12716         0.54342       0       0
     375        -0.26125        -0.29889           0.441       0       0
     376        -0.24836        -0.39698         0.41773       0       0
     377        -0.30296         0.29222         0.41138       0       0
     378        -0.27407           0.185         0.34954       0       0
     379        -0.28172        -0.01522         0.31573       0       0
     380        -0.42654        -0.02916         0.48563       0       0
     381        -0.32876         -0.0198          0.3945       0       0
     382        -0.34205        -0.07851         0.40698       0       0
     383        -0.37422        -0.20398         0.42071       0       0
     384         -0.3383        -0.31368         0.41261       0       0
     385        -0.52665         0.35637         0.42687       0       0
     386        -0.47378         0.24886          0.4555       0       0
     387        -0.46559         0.02683         0.48182       0       0
     388         -0.4412         0.02221         0.41539       0       0
     389        -0.47803        -0.06416         0.45564       0       0
     390        -0.46057        -0.18518         0.43375       0       0
     391        -0.39153         -0.1745         0.43218       0       0
     392        -0.41097        -0.31177         0.39125       0       0
     393        -0.56737         0.35881         0.49451       0       0
     394         -0.6069         0.17344         0.51658       0       0
     395        -0.58883         0.15166           0.428       0       0
     396        -0.58672         0.04859         0.40785       0       0
     397        -0.60416         -0.0682         0.39749       0       0
     398        -0.56537        -0.15658         0.47023       0       0
     399        -0.56645         -0.1913          0.3573       0       0
     400        -0.56284         -0.3336         0.45266       0       0
     401        -0.62804         0.29074         0.41727       0       0
     402         -0.6849         0.11978         0.38088       0       0
     403        -0.70536         0.07333         0.42479       0       0
     404        -0.72413        -0.08855         0.38448       0       0
     405        -0.64171          0.0028         0.48302       0       0
     406        -0.65368        -0.09731         0.53324       0       0
     407        -0.71338         -0.2676          0.5188       0       0
     408        -0.59768        -0.37886         0.45876       0       0
     409         -0.8291         0.31949         0.42776       0       0
     410         -0.7612         0.23266         0.45092       0       0
     411        -0.75213         0.05788         0.34076       0       0
     412        -0.82261        -0.00879         0.49403       0       0
     413        -0.78426        -0.02832         0.38391       0       0
     414        -0.81368        -0.18072         0.42419       0       0
     415        -0.76129        -0.26126         0.49081       0       0
     416        -0.78081        -0.37462         0.49768       0       0
     417        -0.85449         0.25532         0.48721       0       0
     418        -0.83053         0.25627         0.43535       0       0
     419        -0.82251         0.07908         0.44753       0       0
     420        -0.80668         0.02182         0.49317       0       0
     421        -0.80706        -0.01756         0.49769       0       0
     422        -0.87212        -0.10922         0.41715       0       0
     423        -0.88209         -0.2055         0.51225       0       0
     424        -0.89893        -0.34714          0.5116       0       0
     425        -0.92333         0.24372        -0.37929       0       0
     426        -0.87494         0.25001        -0.37448       0       0
     427        -0.90989         0.08293        -0.33251       0       0
     428        -0.86276         -0.0028        -0.35954       0       0
     429        -0.88159        -0.16907        -0.36144       0       0
     430        -0.80154        -0.21191        -0.41032       0       0
     431        -0.80643        -0.25556        -0.42879       0       0
     432        -0.91683        -0.41436        -0.39195       0       0
     433         -0.7089         0.31074        -0.34164       0       0
     434         -0.8152         0.18818        -0.32365       0       0
     435        -0.80455         0.16772        -0.36602       0       0
     436        -0.84858          0.0872        -0.41097       0       0
     437        -0.76361        -0.11156        -0.43674       0       0
     438        -0.73655        -0.17774        -0.40148       0       0
     439        -0.78983        -0.18547        -0.35057       0       0
     440        -0.82019        -0.40198        -0.35744       0       0
     441        -0.69187         0.34806         -0.4397       0       0
     442        -0.65547         0.14667        -0.36626       0       0
     443        -0.70088         0.10728        -0.32702       0       0
     444        -0.66035         0.03366        -0.42322       0       0
     445        -0.68518        -0.09584        -0.39894       0       0
     446        -0.68866        -0.16591        -0.37239       0       0
     447        -0.70569        -0.24294        -0.31692       0       0
     448        -0.73047        -0.32057        -0.36648       0       0
     449        -0.59925         0.34228        -0.40417       0       0
     450        -0.63394         0.24918        -0.40562       0       0
     451        -0.52771         0.10303        -0.33873       0       0
     452        -0.55802        -0.00753        -0.32871       0       0
     453        -0.53927        -0.07263         -0.3784       0       0
     454        -0.50537        -0.15802        -0.44015       0       0
     455        -0.58314        -0.28579         -0.3437       0       0
     456        -0.57428        -0.36404        -0.41795       0       0
     457         -0.3922         0.24663         -0.3883       0       0
     458        -0.40342         0.11989        -0.32052       0       0
     459        -0.47002          0.1473        -0.35153       0       0
     460        -0.45097        -0.05437         -0.4391       0       0
     461        -0.37204        -0.08615        -0.48952       0       0
     462        -0.41458        -0.20728        -0.43318       0       0
     463        -0.46929        -0.31924        -0.39448       0       0
     464        -0.40664        -0.30932        -0.26183       0       0
     465        -0.30423         0.10338        -0.36699       0       0
     466        -0.34893         0.26619        -0.39881       0       0
     467        -0.31159         0.01186        -0.30162       0       0
     468        -0.29597         0.00716        -0.22669       0       0
     469        -0.28986         0.00661        -0.43268       0       0
     470        -0.29101        -0.13178        -0.43807       0       0
     471        -0.27222        -0.17564        -0.28968       0       0
     472        -0.28579        -0.31476        -0.21648       0       0
     473        -0.23886         0.35095        -0.42985       0       0
     474         -0.2092         0.28311        -0.39079       0       0
     475        -0.20946         0.20047        -0.30667       0       0
     476        -0.18719         0.16929         -0.3122       0       0
     477        -0.26415         0.01279        -0.29067       0       0
     478        -0.30232        -0.14022        -0.40134       0       0
     479         -0.2639        -0.19049        -0.31524       0       0
     480        -0.25239         -0.3916        -0.36911       0       0
     481        -0.14266         0.32754        -0.41174       0       0
     482        -0.13632         0.27702        -0.41338       0       0
     483        -0.14936         0.08455        -0.31132       0       0
     484        -0.11805         0.11412        -0.48443       0       0
     485        -0.12412        -0.01587        -0.42883       0       0
     486        -0.14977        -0.16055        -0.41016       0       0
     487        -0.14102        -0.22021        -0.34821       0       0
     488        -0.15991        -0.30918        -0.39503       0       0
     489        -0.29796        -0.42308         0.14682       0       0
     490        -0.72984        -0.36536         0.19213       0       0
     491        -0.29038        -0.45883        -0.26433       0       0
     492        -0.71526        -0.42648        -0.09191       0       0
     493         -0.2771         0.07279        -0.31779       0       0
     494        -0.30734        -0.23461        -0.35437       0       0
     495        -0.75086         0.20355        -0.35652       0       0
     496        -0.70986        -0.21263        -0.34716       0       0
     497        -0.67858         0.39777         0.29329       0       0
     498        -0.28461         0.30883         0.17255       0       0
     499        -0.69515         0.35465        -0.20929       0       0
     500        -0.25936          0.3394        -0.17942       0       0
     501        -0.00763         0.23937         0.33216       0       0
     502        -0.05673         -0.2046         0.25949       0       0
     503        -0.04042         0.24121        -0.19344       0       0
     504        -0.03965        -0.20623        -0.13723       0       0
     505        -0.73924         0.20358         0.47845       0       0
     506         -0.7415         -0.1577         0.52123       0       0
     507        -0.28995         0.13282         0.41698       0       0
     508        -0.31783        -0.26863         0.29213       0       0
     509        -0.93709        -0.26099         0.24948       0       0
     510         -0.9272          0.1488         0.22921       0       0
     511        -0.92991         -0.2551        -0.18274       0       0
     512        -0.95624         0.25301        -0.11292       0       0
     513         0.10299         -0.1395        -0.26165       0       0
     514         0.04443        -0.34122         -0.2319       0       0
     515         0.08103         0.09566        -0.05474       0       0
     516         0.10024         -0.2912        -0.24006       0       0
     517         1.04984          0.2451          0.3248       0       0
     518          1.0452        -0.33275        -0.25925       0       0
     519         0.93415        -0.12731        -0.22901       0       0
     520         0.98621        -0.21953         0.14543       0       0
     521         0.07824         0.13518         0.21349       0       0
     522         0.09305        -0.30693        -0.03591       0       0
     523         0.08204        -0.18704         0.29213       0       0
     524         0.11628         0.30638         0.32852       0       0
     525         0.03797         0.10257         0.07544       0       0
     526         0.03291        -0.25178        -0.20047       0       0
     527         0.04089         0.15283        -0.24987       0       0
     528         0.06218         0.11257         0.11871       0       0
     529         0.02208         0.26795         -0.1218       0       0
     530         0.07487        -0.28326         0.28099       0       0
     531         0.08177        -0.20367         0.49773       0       0
     532          0.0945         0.03032         0.29743       0       0
     533         0.10523         0.48532         0.01968       0       0
     534         0.12407         0.47882         0.26848       0       0
     535         0.08378        -0.34824         0.17979       0       0
     536         0.07416        -0.46787        -0.10643       0       0
     537         0.96494         -0.3751         0.31261       0       0
     538         0.98853        -0.30309         0.32964       0       0
     539          0.9806         -0.4525        -0.26018       0       0
     540         1.01995        -0.43096         0.15932       0       0
     541         1.05208        -0.09717        -0.12862       0       0
     542         1.02963        -0.24571        -0.45375       0       0
     543         0.99058         0.23255        -0.24002       0       0
     544         0.98011        -0.30287        -0.48948       0       0
     545         1.01438        -0.47395        -0.31267       0       0
     546         1.00548        -0.03691        -0.15678       0       0
     547         1.00899         0.29428        -0.26573       0       0
     548         1.03704         0.28605         0.19803       0       0
     549         1.04131         0.20804        -0.02971       0       0
     550         0.99622        -0.27187         0.01704       0       0
     551         1.00697         0.09625        -0.25706       0       0
     552         1.05845        -0.41214        -0.39666       0       0
     553         0.93937         0.50102         0.36831       0       0
     554         0.84981         0.38659         -0.3998       0       0
     555         0.65539        -0.29505         0.41946       0       0
     556         0.54176         0.24669         0.50604       0       0
     557         0.45922         0.41471         0.28829       0       0
     558          0.3201         0.46827        -0.17796       0       0
     559         0.37987         0.12839        -0.09151       0       0
     560         0.14539        -0.47946        -0.40296       0       0
     561         0.14395         0.53438         0.10104       0       0
     562         0.26792        -0.02535        -0.03283       0       0
     563         0.26809         0.42461         0.36433       0       0
     564         0.53373        -0.37223        -0.15497       0       0
     565         0.72997         0.29546         0.49529       0       0
     566         0.70118        -0.27639        -0.10147       0       0
     567          0.8601        -0.41977         0.30392       0       0
     568         0.92509        -0.47088        -0.45438       0       0
     569         0.16011          0.4377         0.10068       0       0
     570          0.3146        -0.02453         0.16231       0       0
     571         0.22856        -0.00828        -0.37815       0       0
     572         0.51696         0.37352          0.3024       0       0
     573         0.73677        -0.24615        -0.34959       0       0
     574         0.66678         0.16744         0.08335       0       0
     575         0.84527        -0.43357         0.05399       0       0
     576         0.97326        -0.45901        -0.06195       0       0
     577         0.93204           0.465         -0.2396       0       0
     578         0.89887         0.39768         0.00253       0       0
     579         0.65912        -0.31232        -0.43685       0       0
     580         0.57277         0.20065         0.38552       0       0
     581         0.38855         0.31494         0.49148       0       0
     582         0.40487         0.27357         -0.3245       0       0
     583         0.23901        -0.43291         -0.3301       0       0
     584         0.14459         0.37768         0.32434       0       0
     585         0.97546         0.42166        -0.41248       0       0
     586         0.78176         0.08337        -0.37651       0       0
     587         0.68718         0.23267        -0.36949       0       0
     588          0.5744         0.32944          0.3987       0       0
     589          0.3788         0.23977        -0.24568       0       0
     590         0.24557         0.32541        -0.39623       0       0
     591          0.2514         0.08934        -0.27476       0       0
     592         0.15439         -0.3395        -0.28728       0       0
     593         0.95494         0.35389         0.46318       0       0
     594         0.90976         0.37573         0.51378       0       0
     595         0.74896        -0.51148         0.40774       0       0
     596         0.58412        -0.30304        -0.23086       0       0
     597         0.43614         0.31621        -0.44865       0       0
     598         0.42671        -0.34842         0.08525       0       0
     599         0.31137         0.47857         0.32429       0       0
     600         0.19025         0.38707         0.44825       0       0
     601         0.87591        -0.44878        -0.15542       0       0
     602         0.80828         0.10586         0.42591       0       0
     603         0.75155         0.24634         0.24671       0       0
     604         0.52353         0.22055        -0.30305       0       0
     605         0.45931         0.30606        -0.22497       0       0
     606         0.36329        -0.37246         0.29881       0       0
     607         0.21105         0.18544        -0.32617       0       0
     608         0.17793        -0.55287         0.39399       0       0
     609         1.01032        -0.37381         -0.3908       0       0
     610          0.8931        -0.41937          0.4913       0       0
     611         0.72883        -0.34878         0.21022       0       0
     612         0.61077        -0.26608         0.24502       0       0
     613          0.3961        -0.50663        -0.19019       0       0
     614         0.27248        -0.28587         0.28907       0       0
     615         0.25442         0.35335        -0.41259       0       0
     616         0.25128        -0.43722         0.24741       0       0
     617         0.86187         0.42869        -0.25662       0       0
     618         0.84698        -0.01568        -0.47967       0       0
     619         0.76628        -0.47012         0.02267       0       0
     620         0.59845        -0.24254        -0.27605       0       0
     621         0.47312        -0.52034         0.26403       0       0
     622         0.33879         0.20941         0.50757       0       0
     623         0.27569        -0.02347        -0.15264       0       0
     624         0.20952        -0.29905         -0.4241       0       0
     625         0.93167        -0.43785        -0.32817       0       0
     626         0.77738         0.04034           0.072       0       0
     627         0.73976         0.35164        -0.25034       0       0
     628         0.53735        -0.30404         0.43849       0       0
     629         0.47326        -0.42409        -0.19112       0       0
     630         0.33673         0.32071        -0.35072       0       0
     631         0.27469        -0.17645         0.40475       0       0
     632         0.19137        -0.13254         0.40266       0       0
     633         0.95817         -0.0337         0.40017       0       0
     634         0.81506        -0.09055        -0.15272       0       0
     635         0.69782         0.30655        -0.31309       0       0
     636         0.51682        -0.20571         0.27166       0       0
     637         0.44576         0.34001         0.05018       0       0
     638         0.26896         0.19301        -0.39288       0       0
     639         0.31241        -0.13336         0.34144       0       0
     640         0.23633        -0.47821         0.34847       0       0
     641         0.98756        -0.41993         0.44658       0       0
     642         0.78351        -0.09409        -0.25237       0       0
     643         0.72581        -0.40853        -0.33677       0       0
     644         0.55329         0.23887        -0.15259       0       0
     645         0.46103         0.22713         0.53256       0       0
     646         0.33443         0.31692         0.02231       0       0
     647         0.26975         0.06394         0.35048       0       0
     648         0.21821        -0.48036         0.03327       0       0
     649         0.12993        -0.25924         0.39461       0       0
     650          0.2688         0.11383         0.30132       0       0
     651         0.27905        -0.28852         0.28752       0       0
     652         0.55995        -0.36596         0.02873       0       0
     653         0.61986        -0.38996         0.41416       0       0
     654         0.71937        -0.40348        -0.29125       0       0
     655         0.82321        -0.19311         0.45151       0       0
     656         0.95849         0.33238         0.47926       0       0
     657         0.15495        -0.54078         -0.3393       0       0
     658          0.3207        -0.01058        -0.25547       0       0
     659         0.21094        -0.30973        -0.20778       0       0
     660         0.53568        -0.42611        -0.34991       0       0
     661         0.64338        -0.46328         0.24484       0       0
     662         0.75479         0.40265        -0.01402       0       0
     663         0.84039         0.03975        -0.00537       0       0
     664         0.93778        -0.27017         0.47444       0       0
     665         0.19359         0.34247         0.42313       0       0
     666         0.28546         0.22713         0.12592       0       0
     667         0.36815        -0.22823         0.34024       0       0
     668         0.57417         0.40702        -0.33059       0       0
     669         0.66414         0.35275         -0.1703       0       0
     670         0.76701         0.44469         0.44205       0       0
     671         0.82311         0.50218         0.34118       0       0
     672         0.97797        -0.27605        -0.42382       0       0
     673         0.15477        -0.44769         0.51013       0       0
     674         0.31774         0.13685        -0.27855       0       0
     675          0.3563        -0.25158         0.46214       0       0
     676          0.5335         0.45238        -0.45884       0       0
     677         0.72021         0.29021         -0.4322       0       0
     678         0.73421         0.38538          0.2768       0       0
     679         0.87375         0.47935        -0.16302       0       0
     680         1.00879          0.2216         0.40678       0       0
     681         0.18623         0.11701        -0.29336       0       0
     682         0.27512         0.37199        -0.40247       0       0
     683          0.3051        -0.22686         0.39134       0       0
     684         0.45754        -0.41764        -0.45131       0       0
     685         0.63626         0.47046         0.26521       0       0
     686         0.77454         0.46213         0.40816       0       0
     687         0.91882         0.42063         0.07857       0       0
     688         1.02541         0.24888        -0.38658       0       0
     689         0.18728        -0.17807        -0.40109       0       0
     690         0.26218         0.33083          0.0936       0       0
     691         0.35543        -0.51848         0.17651       0       0
     692         0.49957        -0.43606        -0.47664       0       0
     693         0.63661         0.43632        -0.45386       0       0
     694         0.75083        -0.41285        -0.09557       0       0
     695          0.9105        -0.48183        -0.44052       0       0
     696         0.96158        -0.41756         0.41008       0       0
     697         0.22837         0.42017        -0.27622       0       0
     698         0.23668         -0.4937         0.11931       0       0
     699         0.41115        -0.28091        -0.32389       0       0
     700         0.51909        -0.33901          0.2934       0       0
     701         0.62032        -0.41231        -0.27915       0       0
     702         0.76427         0.42227        -0.27317       0       0
     703         0.88458        -0.48193        -0.09002       0       0
     704         0.94516        -0.41773        -0.32814       0       0
     705         0.16434         0.42001        -0.39178       0       0
     706          0.2131        -0.42727        -0.29732       0       0
     707         0.31204        -0.57211        -0.32651       0       0
     708         0.56156         0.41685         0.04789       0       0
     709         0.58195         0.41242         0.39731       0       0
     710          0.7856          -0.577         0.40898       0       0
     711         0.89069         0.46228         0.33024       0       0
     712          0.9775        -0.54224          0.4378       0       0
     713         0.09011         0.27885         0.46865       0       0
     714         0.07429        -0.26569        -0.24637       0       0
     715         0.09158         0.36042         -0.3135       0       0
     716         0.04803        -0.36916        -0.34581       0       0
     717          0.0605        -0.27286         0.03036       0       0
     718         0.01747         0.32437        -0.03079       0       0
     719          0.0458         0.23124         0.22384       0       0
     720         0.01275        -0.36358        -0.18581       0       0
     721         0.11058        -0.35762        -0.19444       0       0
     722         0.10092         0.33403        -0.02596       0       0
     723         0.10337         0.26612         0.21716       0       0
     724         0.12332         0.33561        -0.14741       0       0
     725         0.07356         0.24173         0.32143       0       0
     726          0.1082         0.28731        -0.05042       0       0
     727         0.10829        -0.22016         0.39526       0       0
     728         0.08708          0.2065         -0.1614       0       0
     729         1.02884         0.35895        -0.22152       0       0
     730         0.99027        -0.20168         0.28018       0       0
     731         0.99773        -0.23663         0.27672       0       0
     732         1.05591         0.39224        -0.24646       0       0
     733         1.02901         0.38103        -0.26467       0       0
     734         1.02434        -0.10897         0.31147       0       0
     735         0.99287        -0.21664         0.22545       0       0
     736         1.07471         0.25252        -0.47375       0       0
     737         1.03537         0.22671         0.17528       0       0
     738         1.02956         -0.0621         0.46058       0       0
     739         1.03513         0.33462        -0.48346       0       0
     740         1.01965         0.24599         0.43632       0       0
     741         0.96811        -0.28605         0.37473       0       0
     742           0.967        -0.39336        -0.31002       0       0
     743         1.06034        -0.37361         0.13093       0       0
     744         1.05878         0.36967        -0.17309       0       0
     745          1.0147         0.33307         0.32963       0       0
     746         1.00924        -0.01709        -0.30876       0       0
     747         1.05292          0.4011        -0.31211       0       0
     748         1.03726         0.19582        -0.33637       0       0
     749         0.91218        -0.48415         0.27103       0       0
     750         0.88869        -0.34515         0.38169       0       0
     751         0.94142         0.32055         0.23358       0       0
     752         0.95917        -0.48482        -0.02046       0       0
     753         1.02554         0.22702        -0.46375       0       0
     754         1.01206         0.50744        -0.34964       0       0
     755          1.0296         0.46318         0.13798       0       0
     756         1.01349         0.29566         0.46317       0       0
     757         1.04113         0.33042         0.31678       0       0
     758         1.03237         0.47284         -0.4434       0       0
     759         0.99779        -0.43745        -0.12177       0       0
     760          0.9837         0.37865        -0.06925       0       0
     761         1.02626         0.09908        -0.46342       0       0
     762          1.0416         0.07637         0.50412       0       0
     763         1.02508        -0.28033        -0.46214       0       0
     764         1.01542        -0.14935        -0.44419       0       0
     765           1.002         0.39723         0.37074       0       0
     766         1.02361         0.38959        -0.00637       0       0
     767         1.05132        -0.35903        -0.07002       0       0
     768         0.92766        -0.40662         0.24667       0       0
     769         1.02296          -0.428        -0.49927       0       0
     770         1.06984        -0.25786         0.27879       0       0
     771         0.99657        -0.23159         0.44371       0       0
     772          1.0044         0.14045         0.44323       0       0
     773         0.99373          0.1041        -0.38996       0       0
     774         1.00545         0.02909        -0.44966       0       0
     775         1.01146         0.03401         0.09899       0       0
     776         1.03206        -0.10918         0.14092       0       0
     777         1.04888         0.27872        -0.10494       0       0
     778          1.0377          0.4914         0.03736       0       0
     779         1.01701        -0.45555         0.34275       0       0
     780         1.05477         0.36192         0.22953       0       0
     781          1.0708         0.41378        -0.20178       0       0
     782         1.00854         0.05146        -0.02846       0       0
     783         1.03547         0.08251         0.42926       0       0
     784         0.94265        -0.19907        -0.13108       0       0
     785         1.00589         0.38928         0.44354       0       0
     786         0.99771         0.33911         0.01898       0       0
     787         0.99591         0.34255         0.16472       0       0
     788         0.99903         0.24898          0.1517       0       0
     789         0.99128        -0.44193        -0.04848       0       0
     790         0.97694         0.13621         0.29319       0       0
     791         1.01239         0.12471        -0.23292       0       0
     792         0.97774        -0.16711        -0.22522       0       0
     793         0.96397          -0.065        -0.32335       0       0
     794         0.99487        -0.11778         0.36766       0       0
     795         0.95163        -0.10696          0.3245       0       0
     796         0.94616        -0.23926         0.12763       0       0
     797         1.02796        -0.38825        -0.19229       0       0
     798         1.00086         0.24845         0.44919       0       0
     799          1.0071         0.25725         0.31213       0       0
     800         1.01285        -0.02646         0.25018       0       0
     801         1.02201        -0.48978          0.4847       0       0
     802           1.052         0.39792        -0.50114       0       0
     803         1.02658         0.37724         0.48497       0       0
     804          1.0509        -0.23336        -0.40565       0       0
     805         1.03304        -0.19211        -0.29289       0       0
     806         1.03744        -0.18562        -0.28442       0       0
     807         1.03597         0.02521         0.03748       0       0
     808         1.02138        -0.37095         0.01538       0       0
     809         0.08645         0.31997         0.14853       0       0
     810         0.10899          0.2299        -0.12057       0       0
     811         0.08416         0.32427         0.48506       0       0
     812         0.05842         0.29231           0.027       0       0
     813         0.09063          0.3142         0.48828       0       0
     814         0.13645         0.35298         0.30052       0       0
     815         0.11447        -0.30754        -0.01025       0       0
     816         0.12305        -0.02355         0.44558       0       0
     817         0.05304        -0.18775         0.01703       0       0
     818         0.07245        -0.36368        -0.29208       0       0
     819         0.04052        -0.32491         0.10291       0       0
     820         0.03128         0.17337        -0.19125       0       0
     821         0.05954         0.12159        -0.19118       0       0
     822         0.08586         0.17463         0.05913       0       0
     823           0.055           0.253        -0.02954       0       0
     824         0.06968        -0.16506         0.09448       0       0
     825         0.06441         0.10685         0.27079       0       0
     826         0.07509         0.08676         0.04714       0       0
     827         0.06883        -0.05527         0.07111       0       0
     828         0.08917         0.10588        -0.39327       0       0
     829         0.05598        -0.22904         -0.3431       0       0
     830         0.05695        -0.29431        -0.21782       0       0
     831         0.10454        -0.31937         0.19946       0       0
     832         0.07977         -0.2134        -0.29005       0       0
     833         0.08623        -0.43864        -0.35754       0       0
     834         0.08119        -0.28634         0.10926       0       0
     835         0.01248        -0.25286        -0.15181       0       0
     836         0.05356          0.1412         0.17412       0       0
     837         0.04108        -0.04885        -0.10752       0       0
     838         0.09362        -0.26093        -0.16629       0       0
     839          0.0463         0.18955         0.03136       0       0
     840         0.07673         0.23604         0.26327       0       0
     841         0.06281         0.04018        -0.14507       0       0
     842         0.10779         -0.0235        -0.23312       0       0
     843         0.06827        -0.35293         0.29623       0       0
     844         0.09432        -0.00522        -0.15947       0       0
     845          0.0998        -0.23048         0.34633       0       0
     846         0.10251         0.26657         0.47574       0       0
     847         0.13027        -0.21734         0.42553       0       0
     848         0.06767        -0.22471        -0.39202       0       0
     849         0.10648         0.23985        -0.41887       0       0
     850         0.08486        -0.06338         0.19148       0       0
     851         0.12138         0.35972           0.355       0       0
     852         0.10191        -0.05756         0.23851       0       0
     853          0.1258         0.25538        -0.41883       0       0
     854          0.1549         0.40421         0.29129       0       0
     855          0.1669         0.37172        -0.15715       0       0
     856         0.16955         0.01113         0.39608       0       0
     857         0.15799         0.28636          0.4592       0       0
     858         0.09776        -0.29989         0.29851       0       0
     859         0.11664        -0.30248        -0.38794       0       0
     860          0.0781         0.41471        -0.12247       0       0
     861         0.11142          0.3844         0.16332       0       0
     862         0.07483        -0.24177        -0.32122       0       0
     863         0.06836        -0.31581        -0.02435       0       0
     864         0.06964         0.07687        -0.37427       0       0
     865         0.12609        -0.06607         -0.4145       0       0
     866         0.12594        -0.38478         0.25357       0       0
     867         0.13387        -0.21311         0.32139       0       0
     868         0.14712        -0.23228         0.37369       0       0
     869         0.09462        -0.35146         0.06689       0       0
     870           0.112         0.35449        -0.33632       0       0
     871         0.14282        -0.37846         0.38233       0       0
     872         0.13076         0.14323        -0.19918       0       0
     873         0.99431        -0.03961        -0.39799       0       0
     874         0.97788        -0.42982        -0.28159       0       0
     875         0.97595         0.40528         0.45604       0       0
     876         0.99891        -0.38445         0.28515       0       0
     877         1.00736         0.46083         0.36569       0       0
     878         0.98868         0.41721        -0.39122       0       0
     879         0.87695        -0.35173         0.21401       0       0
     880         0.92053         0.48245         0.20706       0       0
     881         0.84457        -0.14538          0.1572       0       0
     882         0.80275         0.11617        -0.06009       0       0
     883         0.89038        -0.29342         0.39008       0       0
     884         0.79312        -0.33108         0.00063       0       0
     885         0.82323        -0.01503         0.37896       0       0
     886         0.82534         0.34145         0.43986       0       0
     887         0.79859         0.01863         0.36149       0       0
     888         0.74487        -0.10544        -0.26308       0       0
     889         0.65829         0.28413         0.35007       0       0
     890         0.68886        -0.30942         0.35333       0       0
     891         0.81903         0.02056        -0.22612       0       0
     892         0.71989         0.12098         0.26574       0       0
     893         0.71675         0.20359         0.45622       0       0
     894         0.67615        -0.23986         0.40774       0       0
     895         0.65558         0.23246        -0.02071       0       0
     896         0.69085        -0.30275         0.14702       0       0
     897         0.60096         0.38042        -0.05955       0       0
     898         0.63036         0.39001         0.45113       0       0
     899         0.65642         0.44295         0.14094       0       0
     900          0.6612         -0.4191        -0.24112       0       0
     901         0.64454        -0.32899        -0.01523       0       0
     902         0.63407         0.33315           -0.24       0       0
     903         0.55283        -0.24118        -0.35433       0       0
     904         0.56291          0.3387        -0.36269       0       0
     905         0.52993         0.38076         0.33458       0       0
     906         0.51128        -0.46532         0.42308       0       0
     907         0.54047         0.45236         0.26451       0       0
     908         0.42882         0.40949         0.34256       0       0
     909         0.52751        -0.33873        -0.44932       0       0
     910         0.49804        -0.24761         0.10686       0       0
     911         0.46082        -0.52181         0.08468       0       0
     912         0.45807        -0.32124         0.50537       0       0
     913         0.35581         0.46026         0.46206       0       0
     914         0.32422         0.45861        -0.20727       0       0
     915         0.42569        -0.34326        -0.46713       0       0
     916         0.42482          0.2458        -0.11292       0       0
     917          0.4061        -0.53065         0.44079       0       0
     918         0.38346        -0.27891        -0.12823       0       0
     919         0.20373        -0.30044        -0.37817       0       0
     920         0.32493        -0.38331           0.115       0       0
     921         0.25998        -0.39999         0.20285       0       0
     922         0.22832        -0.42759        -0.06567       0       0
     923         0.25951        -0.45954        -0.37688       0       0
     924         0.19872        -0.42909         0.40305       0       0
     925         0.25507        -0.34428          0.4126       0       0
     926         0.25149         0.37969        -0.11067       0       0
     927         0.26505        -0.26534         0.01569       0       0
     928         0.30592         -0.2968        -0.27304       0       0
     929          0.2096         0.14003        -0.37996       0       0
     930         0.21213        -0.09979        -0.29434       0       0
     931         0.20438         0.09683         0.39431       0       0
     932         0.24997        -0.27986         0.36542       0       0
     933         0.24783         0.27537        -0.37391       0       0
     934          0.1296         0.38584         0.36021       0       0
     935         0.18907         0.34439         -0.3903       0       0
     936         0.15107         0.29037        -0.37125       0       0
     937         0.15846        -0.00575        -0.35527       0       0
     938         0.08006        -0.43326        -0.38984       0       0
     939         0.19699         0.32491        -0.50063       0       0
     940          0.1542         0.02005         0.47481       0       0
     941         0.17749         0.17699         0.32915       0       0
     942         0.21584        -0.35868        -0.27107       0       0
     943         0.19208        -0.48793        -0.33573       0       0
     944         0.21176         0.38742        -0.23956       0       0
     945          0.2664         0.03062         0.32887       0       0
     946         0.26042         0.35406         0.23912       0       0
     947         0.19103         0.28314        -0.17084       0       0
     948            0.22         0.23635         0.05956       0       0
     949         0.21882         0.32071         0.39745       0       0
     950         0.29376        -0.10704        -0.31788       0       0
     951         0.24117        -0.14122        -0.24932       0       0
     952         0.24132          0.3002         0.43643       0       0
     953         0.38897         0.23569         0.08402       0       0
     954         0.34316        -0.44791        -0.23326       0       0
     955         0.33731          0.2074         0.22314       0       0
     956         0.34264         0.33756         0.26454       0       0
     957         0.35921        -0.39132        -0.22991       0       0
     958         0.44069         0.24255         0.37263       0       0
     959         0.36436        -0.33633          0.4013       0       0
     960           0.226         0.20991         0.36394       0       0
     961         0.32756         0.25746        -0.37656       0       0
     962          0.3628        -0.22095        -0.33642       0       0
     963         0.39289        -0.41041         0.35077       0       0
     964         0.44977         0.36316        -0.41506       0       0
     965         0.46413         0.35437        -0.09811       0       0
     966         0.46583        -0.49603        -0.33893       0       0
     967         0.51355        -0.48528         0.21089       0       0
     968         0.51895         0.36896        -0.23857       0       0
     969         0.58713        -0.40299         0.46237       0       0
     970         0.54064         0.24764         0.28638       0       0
     971         0.58809         0.26631         -0.3808       0       0
     972         0.62384        -0.42986         0.04279       0       0
     973         0.65066        -0.41571         0.40113       0       0
     974         0.54754         0.23256          0.0097       0       0
     975         0.66674        -0.35849        -0.42777       0       0
     976         0.72062         0.22823        -0.27963       0       0
     977         0.82939         0.20723        -0.28375       0       0
     978          0.6902         -0.1798        -0.34821       0       0
     979         0.81563         0.00555         0.19732       0       0
     980         0.80949        -0.37597         0.44499       0       0
     981         0.80898         -0.2944          -0.315       0       0
     982         0.84414        -0.47331        -0.43421       0       0
     983         0.85443         0.09585         0.28808       0       0
     984          0.8239         0.24128         0.03107       0       0
     985         0.89529         0.27604         -0.4052       0       0
     986         0.86875         -0.4663        -0.23852       0       0
     987         0.90035        -0.48429         0.43498       0       0
     988         0.91793         0.35677        -0.42666       0       0
     989         0.86664        -0.45367        -0.43069       0       0
     990         0.73136         0.35111        -0.33345       0       0
     991         0.76582          0.1829        -0.25764       0       0
     992         0.84295         0.03354        -0.21574       0       0
     993         0.94671         0.14342        -0.40031       0       0
     994         0.91514        -0.05456        -0.41892       0       0
     995         0.92324        -0.20104         0.51394       0       0
     996         0.89923        -0.26676        -0.45152       0       0
     997         0.89548         0.41428        -0.06155       0       0
     998          0.8989         0.10821           0.479       0       0
     999         0.88316        -0.33316         0.47182       0       0
    1000         0.87657         0.28162         0.44569       0       0
    1001         0.83443        -0.16182         0.35268       0       0
    1002         0.29159         0.21193         0.21049       0       0
    1003         0.83272         0.21501        -0.40673       0       0
    1004         0.24886         0.22599        -0.15136       0       0
    1005         0.87719        -0.32224         -0.4616       0       0
    1006         0.79601        -0.24596         0.22235       0       0
    1007         0.24858        -0.40261        -0.49037       0       0
    1008         0.33652         0.05641          0.5265       0       0
    1009         0.31718        -0.02471         0.09361       0       0
    1010         0.81077        -0.29591        -0.18989       0       0
    1011         0.31267        -0.09951         0.16526       0       0
    1012         0.84476        -0.15634        -0.05063       0       0
    1013         0.93407        -0.45363        -0.38365       0       0
    1014         0.97282         0.30889        -0.21432       0       0
    1015         0.93658        -0.22454         0.40644       0       0
    1016         0.90176        -0.08666         0.47991       0       0
    1017         0.28934         0.38992         0.49168       0       0
    1018         0.28093        -0.38803         0.44886       0       0
    1019         0.75177        -0.29036         0.25303       0       0
    1020         0.84811         0.22726         0.48777       0       0
    1021         0.15643         0.24628        -0.28613       0       0
    1022         0.16524        -0.31529         0.33831       0       0
    1023         0.20173        -0.36589         0.01094       0       0
    1024         0.09958        -0.24051         0.43177       0       0
