-1.000000119209289551e+00 -1.000000119209289551e+00 -1.000000119209289551e+00
-1.000000119209289551e+00 -1.000000119209289551e+00 1.000000119209289551e+00
-1.000000119209289551e+00 1.000000119209289551e+00 -1.000000119209289551e+00
-1.000000119209289551e+00 1.000000119209289551e+00 1.000000119209289551e+00
1.000000119209289551e+00 -1.000000119209289551e+00 -1.000000119209289551e+00
1.000000119209289551e+00 -1.000000119209289551e+00 1.000000119209289551e+00
1.000000119209289551e+00 1.000000119209289551e+00 -1.000000119209289551e+00
1.000000119209289551e+00 1.000000119209289551e+00 1.000000119209289551e+00
5.000000000000000000e-01 1.000000119209289551e+00 -1.000000119209289551e+00
-5.000000000000000000e-01 1.000000119209289551e+00 -1.000000119209289551e+00
-5.000000000000000000e-01 1.000000119209289551e+00 1.000000119209289551e+00
5.000000000000000000e-01 1.000000119209289551e+00 1.000000119209289551e+00
-5.000000000000000000e-01 -1.000000119209289551e+00 -1.000000119209289551e+00
5.000000000000000000e-01 -1.000000119209289551e+00 -1.000000119209289551e+00
5.000000000000000000e-01 -1.000000119209289551e+00 1.000000119209289551e+00
-5.000000000000000000e-01 -1.000000119209289551e+00 1.000000119209289551e+00
-1.000000119209289551e+00 -1.000000119209289551e+00 -5.000000000000000000e-01
-1.000000119209289551e+00 -1.000000119209289551e+00 5.000000000000000000e-01
-1.000000119209289551e+00 1.000000119209289551e+00 5.000000000000000000e-01
-1.000000119209289551e+00 1.000000119209289551e+00 -5.000000000000000000e-01
1.000000119209289551e+00 1.000000119209289551e+00 5.000000000000000000e-01
1.000000119209289551e+00 1.000000119209289551e+00 -5.000000000000000000e-01
1.000000119209289551e+00 -1.000000119209289551e+00 5.000000000000000000e-01
1.000000119209289551e+00 -1.000000119209289551e+00 -5.000000000000000000e-01
5.000000000000000000e-01 -1.000000119209289551e+00 5.000000000000000000e-01
5.000000000000000000e-01 -1.000000119209289551e+00 -5.000000000000000000e-01
-5.000000000000000000e-01 -1.000000119209289551e+00 5.000000000000000000e-01
-5.000000000000000000e-01 -1.000000119209289551e+00 -5.000000000000000000e-01
-5.000000000000000000e-01 1.000000119209289551e+00 5.000000000000000000e-01
-5.000000000000000000e-01 1.000000119209289551e+00 -5.000000000000000000e-01
5.000000000000000000e-01 1.000000119209289551e+00 5.000000000000000000e-01
5.000000000000000000e-01 1.000000119209289551e+00 -5.000000000000000000e-01
-1.000000119209289551e+00 5.000000000000000000e-01 -1.000000119209289551e+00
-1.000000119209289551e+00 -5.000000000000000000e-01 -1.000000119209289551e+00
-1.000000119209289551e+00 -5.000000000000000000e-01 1.000000119209289551e+00
-1.000000119209289551e+00 5.000000000000000000e-01 1.000000119209289551e+00
1.000000119209289551e+00 -5.000000000000000000e-01 -1.000000119209289551e+00
1.000000119209289551e+00 5.000000000000000000e-01 -1.000000119209289551e+00
1.000000119209289551e+00 5.000000000000000000e-01 1.000000119209289551e+00
1.000000119209289551e+00 -5.000000000000000000e-01 1.000000119209289551e+00
5.810256600379943848e-01 5.810256600379943848e-01 1.000000119209289551e+00
5.810256600379943848e-01 -5.810256600379943848e-01 1.000000119209289551e+00
-5.810256600379943848e-01 5.810256600379943848e-01 1.000000119209289551e+00
-5.810256600379943848e-01 -5.810256600379943848e-01 1.000000119209289551e+00
-5.810256600379943848e-01 5.810256600379943848e-01 -1.000000119209289551e+00
-5.810256600379943848e-01 -5.810256600379943848e-01 -1.000000119209289551e+00
5.810256600379943848e-01 5.810256600379943848e-01 -1.000000119209289551e+00
5.810256600379943848e-01 -5.810256600379943848e-01 -1.000000119209289551e+00
1.000000119209289551e+00 5.000000000000000000e-01 -5.000000000000000000e-01
1.000000119209289551e+00 -5.000000000000000000e-01 -5.000000000000000000e-01
1.000000119209289551e+00 5.000000000000000000e-01 5.000000000000000000e-01
1.000000119209289551e+00 -5.000000000000000000e-01 5.000000000000000000e-01
-1.000000119209289551e+00 -5.000000000000000000e-01 -5.000000000000000000e-01
-1.000000119209289551e+00 5.000000000000000000e-01 -5.000000000000000000e-01
-1.000000119209289551e+00 -5.000000000000000000e-01 5.000000000000000000e-01
-1.000000119209289551e+00 5.000000000000000000e-01 5.000000000000000000e-01
5.810256600379943848e-01 -5.810256600379943848e-01 5.000000000000000000e-01
5.810256600379943848e-01 -5.810256600379943848e-01 -5.000000000000000000e-01
-5.810256600379943848e-01 -5.810256600379943848e-01 -5.000000000000000000e-01
-5.810256600379943848e-01 -5.810256600379943848e-01 5.000000000000000000e-01
-5.810256600379943848e-01 5.810256600379943848e-01 -5.000000000000000000e-01
-5.810256600379943848e-01 5.810256600379943848e-01 5.000000000000000000e-01
5.810256600379943848e-01 5.810256600379943848e-01 -5.000000000000000000e-01
5.810256600379943848e-01 5.810256600379943848e-01 5.000000000000000000e-01
-1.000000119209289551e+00 -7.500000596046447754e-01 -1.000000119209289551e+00
-1.000000119209289551e+00 -1.000000119209289551e+00 7.500000596046447754e-01
-1.000000119209289551e+00 7.500000596046447754e-01 1.000000119209289551e+00
-1.000000119209289551e+00 1.000000119209289551e+00 -7.500000596046447754e-01
-7.500000596046447754e-01 1.000000119209289551e+00 -1.000000119209289551e+00
7.500000596046447754e-01 1.000000119209289551e+00 1.000000119209289551e+00
1.000000119209289551e+00 1.000000119209289551e+00 -7.500000596046447754e-01
1.000000119209289551e+00 7.500000596046447754e-01 -1.000000119209289551e+00
1.000000119209289551e+00 -7.500000596046447754e-01 1.000000119209289551e+00
1.000000119209289551e+00 -1.000000119209289551e+00 -7.500000596046447754e-01
7.500000596046447754e-01 -1.000000119209289551e+00 -1.000000119209289551e+00
-7.500000596046447754e-01 -1.000000119209289551e+00 1.000000119209289551e+00
7.500000596046447754e-01 1.000000119209289551e+00 -1.000000119209289551e+00
0.000000000000000000e+00 1.000000119209289551e+00 -1.000000119209289551e+00
-7.500000596046447754e-01 1.000000119209289551e+00 1.000000119209289551e+00
0.000000000000000000e+00 1.000000119209289551e+00 1.000000119209289551e+00
-7.500000596046447754e-01 -1.000000119209289551e+00 -1.000000119209289551e+00
0.000000000000000000e+00 -1.000000119209289551e+00 -1.000000119209289551e+00
7.500000596046447754e-01 -1.000000119209289551e+00 1.000000119209289551e+00
0.000000000000000000e+00 -1.000000119209289551e+00 1.000000119209289551e+00
5.810256600379943848e-01 -8.715385794639587402e-01 1.000000119209289551e+00
-5.810256600379943848e-01 -8.715385794639587402e-01 1.000000119209289551e+00
-5.810256600379943848e-01 -8.715385794639587402e-01 -1.000000119209289551e+00
5.810256600379943848e-01 -8.715385794639587402e-01 -1.000000119209289551e+00
5.000000000000000000e-01 -1.000000119209289551e+00 -7.500000596046447754e-01
-5.000000000000000000e-01 -1.000000119209289551e+00 -7.500000596046447754e-01
-5.000000000000000000e-01 1.000000119209289551e+00 -7.500000596046447754e-01
5.000000000000000000e-01 1.000000119209289551e+00 -7.500000596046447754e-01
-1.000000119209289551e+00 -1.000000119209289551e+00 -7.500000596046447754e-01
-1.000000119209289551e+00 -1.000000119209289551e+00 0.000000000000000000e+00
-1.000000119209289551e+00 1.000000119209289551e+00 7.500000596046447754e-01
-1.000000119209289551e+00 1.000000119209289551e+00 0.000000000000000000e+00
1.000000119209289551e+00 1.000000119209289551e+00 7.500000596046447754e-01
1.000000119209289551e+00 1.000000119209289551e+00 0.000000000000000000e+00
1.000000119209289551e+00 -1.000000119209289551e+00 7.500000596046447754e-01
1.000000119209289551e+00 -1.000000119209289551e+00 0.000000000000000000e+00
5.000000000000000000e-01 -1.000000119209289551e+00 7.500000596046447754e-01
5.000000000000000000e-01 -1.000000119209289551e+00 0.000000000000000000e+00
-5.000000000000000000e-01 -1.000000119209289551e+00 7.500000596046447754e-01
-5.000000000000000000e-01 -1.000000119209289551e+00 0.000000000000000000e+00
-5.000000000000000000e-01 1.000000119209289551e+00 7.500000596046447754e-01
-5.000000000000000000e-01 1.000000119209289551e+00 0.000000000000000000e+00
5.000000000000000000e-01 1.000000119209289551e+00 7.500000596046447754e-01
5.000000000000000000e-01 1.000000119209289551e+00 0.000000000000000000e+00
0.000000000000000000e+00 1.000000119209289551e+00 -5.000000000000000000e-01
0.000000000000000000e+00 1.000000119209289551e+00 5.000000000000000000e-01
-7.500000596046447754e-01 1.000000119209289551e+00 -5.000000000000000000e-01
-7.500000596046447754e-01 1.000000119209289551e+00 5.000000000000000000e-01
0.000000000000000000e+00 -1.000000119209289551e+00 -5.000000000000000000e-01
0.000000000000000000e+00 -1.000000119209289551e+00 5.000000000000000000e-01
7.500000596046447754e-01 -1.000000119209289551e+00 -5.000000000000000000e-01
7.500000596046447754e-01 -1.000000119209289551e+00 5.000000000000000000e-01
-7.500000596046447754e-01 -1.000000119209289551e+00 -5.000000000000000000e-01
-7.500000596046447754e-01 -1.000000119209289551e+00 5.000000000000000000e-01
1.000000119209289551e+00 -7.500000596046447754e-01 -5.000000000000000000e-01
1.000000119209289551e+00 -7.500000596046447754e-01 5.000000000000000000e-01
7.500000596046447754e-01 1.000000119209289551e+00 -5.000000000000000000e-01
7.500000596046447754e-01 1.000000119209289551e+00 5.000000000000000000e-01
-1.000000119209289551e+00 7.500000596046447754e-01 -5.000000000000000000e-01
-1.000000119209289551e+00 7.500000596046447754e-01 5.000000000000000000e-01
-1.000000119209289551e+00 7.500000596046447754e-01 -1.000000119209289551e+00
-1.000000119209289551e+00 0.000000000000000000e+00 -1.000000119209289551e+00
-1.000000119209289551e+00 -7.500000596046447754e-01 1.000000119209289551e+00
-1.000000119209289551e+00 0.000000000000000000e+00 1.000000119209289551e+00
1.000000119209289551e+00 -7.500000596046447754e-01 -1.000000119209289551e+00
1.000000119209289551e+00 0.000000000000000000e+00 -1.000000119209289551e+00
1.000000119209289551e+00 7.500000596046447754e-01 1.000000119209289551e+00
1.000000119209289551e+00 0.000000000000000000e+00 1.000000119209289551e+00
5.810256600379943848e-01 8.715385794639587402e-01 1.000000119209289551e+00
5.810256600379943848e-01 4.829505684256218956e-10 1.000000119209289551e+00
-5.810256600379943848e-01 8.715385794639587402e-01 1.000000119209289551e+00
-5.810256600379943848e-01 4.829505684256218956e-10 1.000000119209289551e+00
-5.810256600379943848e-01 8.715385794639587402e-01 -1.000000119209289551e+00
-5.810256600379943848e-01 4.829505684256218956e-10 -1.000000119209289551e+00
5.810256600379943848e-01 8.715385794639587402e-01 -1.000000119209289551e+00
5.810256600379943848e-01 4.829505684256218956e-10 -1.000000119209289551e+00
1.000000119209289551e+00 7.500000596046447754e-01 -5.000000000000000000e-01
1.000000119209289551e+00 0.000000000000000000e+00 -5.000000000000000000e-01
1.000000119209289551e+00 7.500000596046447754e-01 5.000000000000000000e-01
1.000000119209289551e+00 0.000000000000000000e+00 5.000000000000000000e-01
-1.000000119209289551e+00 -7.500000596046447754e-01 -5.000000000000000000e-01
-1.000000119209289551e+00 0.000000000000000000e+00 -5.000000000000000000e-01
-1.000000119209289551e+00 -7.500000596046447754e-01 5.000000000000000000e-01
-1.000000119209289551e+00 0.000000000000000000e+00 5.000000000000000000e-01
-1.000000119209289551e+00 -5.000000000000000000e-01 0.000000000000000000e+00
-1.000000119209289551e+00 5.000000000000000000e-01 0.000000000000000000e+00
-1.000000119209289551e+00 -5.000000000000000000e-01 -7.500000596046447754e-01
-1.000000119209289551e+00 5.000000000000000000e-01 -7.500000596046447754e-01
1.000000119209289551e+00 5.000000000000000000e-01 0.000000000000000000e+00
1.000000119209289551e+00 -5.000000000000000000e-01 0.000000000000000000e+00
1.000000119209289551e+00 5.000000000000000000e-01 -7.500000596046447754e-01
1.000000119209289551e+00 -5.000000000000000000e-01 -7.500000596046447754e-01
4.829505684256218956e-10 5.810256600379943848e-01 -1.000000119209289551e+00
4.829505684256218956e-10 -5.810256600379943848e-01 -1.000000119209289551e+00
-8.715385794639587402e-01 5.810256600379943848e-01 -1.000000119209289551e+00
-8.715385794639587402e-01 -5.810256600379943848e-01 -1.000000119209289551e+00
4.829505684256218956e-10 5.810256600379943848e-01 1.000000119209289551e+00
4.829505684256218956e-10 -5.810256600379943848e-01 1.000000119209289551e+00
8.715385794639587402e-01 5.810256600379943848e-01 1.000000119209289551e+00
8.715385794639587402e-01 -5.810256600379943848e-01 1.000000119209289551e+00
-8.715385794639587402e-01 5.810256600379943848e-01 1.000000119209289551e+00
-8.715385794639587402e-01 -5.810256600379943848e-01 1.000000119209289551e+00
8.715385794639587402e-01 5.810256600379943848e-01 -1.000000119209289551e+00
8.715385794639587402e-01 -5.810256600379943848e-01 -1.000000119209289551e+00
1.000000119209289551e+00 5.000000000000000000e-01 7.500000596046447754e-01
1.000000119209289551e+00 -5.000000000000000000e-01 7.500000596046447754e-01
-1.000000119209289551e+00 -5.000000000000000000e-01 7.500000596046447754e-01
-1.000000119209289551e+00 5.000000000000000000e-01 7.500000596046447754e-01
5.810256600379943848e-01 -5.810256600379943848e-01 -7.500000596046447754e-01
-5.810256600379943848e-01 -5.810256600379943848e-01 7.500000596046447754e-01
-5.810256600379943848e-01 5.810256600379943848e-01 7.500000596046447754e-01
5.810256600379943848e-01 5.810256600379943848e-01 7.500000596046447754e-01
5.810256600379943848e-01 -5.810256600379943848e-01 7.500000596046447754e-01
5.810256600379943848e-01 -5.810256600379943848e-01 0.000000000000000000e+00
-5.810256600379943848e-01 -5.810256600379943848e-01 -7.500000596046447754e-01
-5.810256600379943848e-01 -5.810256600379943848e-01 0.000000000000000000e+00
-5.810256600379943848e-01 5.810256600379943848e-01 -7.500000596046447754e-01
-5.810256600379943848e-01 5.810256600379943848e-01 0.000000000000000000e+00
5.810256600379943848e-01 5.810256600379943848e-01 -7.500000596046447754e-01
5.810256600379943848e-01 5.810256600379943848e-01 0.000000000000000000e+00
5.810256600379943848e-01 4.829505684256218956e-10 -5.000000000000000000e-01
5.810256600379943848e-01 4.829505684256218956e-10 5.000000000000000000e-01
4.829505684256218956e-10 5.810256600379943848e-01 -5.000000000000000000e-01
4.829505684256218956e-10 5.810256600379943848e-01 5.000000000000000000e-01
4.829505684256218956e-10 -5.810256600379943848e-01 -5.000000000000000000e-01
4.829505684256218956e-10 -5.810256600379943848e-01 5.000000000000000000e-01
-5.810256600379943848e-01 4.829505684256218956e-10 -5.000000000000000000e-01
-5.810256600379943848e-01 4.829505684256218956e-10 5.000000000000000000e-01
-1.000000119209289551e+00 7.500000000000000000e-01 7.500000000000000000e-01
7.500000596046447754e-01 1.000000000000000000e+00 7.500001192092895508e-01
1.000000000000000000e+00 -7.500000596046447754e-01 7.500001192092895508e-01
-7.500000000000000000e-01 -1.000000119209289551e+00 7.500000000000000000e-01
8.715386390686035156e-01 -8.715385794639587402e-01 -1.000000000000000000e+00
-8.715386390686035156e-01 -8.715385794639587402e-01 1.000000000000000000e+00
8.715386986732482910e-01 -8.715385794639587402e-01 1.000000000000000000e+00
4.829505684256218956e-10 -8.715385794639587402e-01 1.000000000000000000e+00
-8.715386986732482910e-01 -8.715385794639587402e-01 -1.000000000000000000e+00
4.829505684256218956e-10 -8.715385794639587402e-01 -1.000000000000000000e+00
7.500001192092895508e-01 -1.000000000000000000e+00 7.500001192092895508e-01
0.000000000000000000e+00 -1.000000119209289551e+00 7.500000000000000000e-01
-7.500000596046447754e-01 1.000000119209289551e+00 7.500000000000000000e-01
0.000000000000000000e+00 1.000000119209289551e+00 7.500000000000000000e-01
0.000000000000000000e+00 1.000000119209289551e+00 -7.500000000000000000e-01
0.000000000000000000e+00 1.000000119209289551e+00 7.450580596923828125e-09
-7.500000596046447754e-01 1.000000119209289551e+00 -7.500000000000000000e-01
-7.500000596046447754e-01 1.000000119209289551e+00 7.450580596923828125e-09
0.000000000000000000e+00 -1.000000119209289551e+00 -7.500000000000000000e-01
0.000000000000000000e+00 -1.000000119209289551e+00 7.450580596923828125e-09
7.500001192092895508e-01 -1.000000000000000000e+00 -7.500001788139343262e-01
7.500000596046447754e-01 -1.000000119209289551e+00 7.450580596923828125e-09
-7.500000000000000000e-01 -1.000000119209289551e+00 -7.500000000000000000e-01
-7.500000000000000000e-01 -1.000000119209289551e+00 7.450580596923828125e-09
1.000000000000000000e+00 -7.500000596046447754e-01 -7.500001788139343262e-01
1.000000119209289551e+00 -7.500000000000000000e-01 7.450580596923828125e-09
7.500000596046447754e-01 1.000000000000000000e+00 -7.500001788139343262e-01
7.500000000000000000e-01 1.000000119209289551e+00 7.450580596923828125e-09
-1.000000119209289551e+00 7.500000000000000000e-01 -7.500000000000000000e-01
-1.000000119209289551e+00 7.500000000000000000e-01 7.450580596923828125e-09
-1.000000119209289551e+00 -7.500000596046447754e-01 7.450580596923828125e-09
-1.000000119209289551e+00 0.000000000000000000e+00 7.450580596923828125e-09
-1.000000119209289551e+00 -7.500000596046447754e-01 -7.500000000000000000e-01
-1.000000119209289551e+00 0.000000000000000000e+00 -7.500000000000000000e-01
1.000000119209289551e+00 7.500000596046447754e-01 7.450580596923828125e-09
1.000000119209289551e+00 0.000000000000000000e+00 7.450580596923828125e-09
1.000000000000000000e+00 7.500001192092895508e-01 -7.500001788139343262e-01
1.000000119209289551e+00 0.000000000000000000e+00 -7.500000000000000000e-01
4.829505684256218956e-10 8.715386390686035156e-01 -1.000000000000000000e+00
-5.810256600379943848e-01 4.829505684256218956e-10 7.500000596046447754e-01
-8.715386986732482910e-01 8.715386390686035156e-01 -1.000000000000000000e+00
-8.715386986732482910e-01 3.729684117104170582e-09 -1.000000000000000000e+00
4.829505684256218956e-10 8.715386390686035156e-01 1.000000000000000000e+00
4.829505684256218956e-10 -5.810256600379943848e-01 7.500000596046447754e-01
8.715386986732482910e-01 8.715386390686035156e-01 1.000000000000000000e+00
8.715386986732482910e-01 3.729684117104170582e-09 1.000000000000000000e+00
-8.715386390686035156e-01 8.715386390686035156e-01 1.000000000000000000e+00
-8.715386390686035156e-01 3.729684117104170582e-09 1.000000000000000000e+00
8.715386390686035156e-01 8.715386390686035156e-01 -1.000000000000000000e+00
8.715386390686035156e-01 3.729684117104170582e-09 -1.000000000000000000e+00
1.000000000000000000e+00 7.500001192092895508e-01 7.500001192092895508e-01
1.000000119209289551e+00 0.000000000000000000e+00 7.500000000000000000e-01
-1.000000119209289551e+00 -7.500000596046447754e-01 7.500000000000000000e-01
-1.000000119209289551e+00 0.000000000000000000e+00 7.500000000000000000e-01
4.829505684256218956e-10 5.810256600379943848e-01 7.500000596046447754e-01
5.810256600379943848e-01 4.829505684256218956e-10 7.500000596046447754e-01
5.810256600379943848e-01 4.829505684256218956e-10 -7.500001192092895508e-01
5.810256600379943848e-01 -8.175006449562260968e-09 0.000000000000000000e+00
4.829505684256218956e-10 5.810256600379943848e-01 -7.500001192092895508e-01
9.140907586413504760e-09 5.810256600379943848e-01 0.000000000000000000e+00
4.829505684256218956e-10 -5.810256600379943848e-01 -7.500001192092895508e-01
-8.175006449562260968e-09 -5.810256600379943848e-01 0.000000000000000000e+00
-5.810256600379943848e-01 4.829505684256218956e-10 -7.500001192092895508e-01
-5.810256600379943848e-01 9.140907586413504760e-09 0.000000000000000000e+00
-1.000000119209289551e+00 6.250000596046447754e-01 6.250000000000000000e-01
-1.000000119209289551e+00 6.250000000000000000e-01 8.750000596046447754e-01
-1.000000119209289551e+00 8.750000596046447754e-01 8.750000596046447754e-01
-1.000000119209289551e+00 8.750001192092895508e-01 6.249999403953552246e-01
6.250000000000000000e-01 1.000000000000000000e+00 6.250000000000000000e-01
6.250001192092895508e-01 1.000000119209289551e+00 8.750001788139343262e-01
8.750000000000000000e-01 1.000000119209289551e+00 8.750000596046447754e-01
8.750001192092895508e-01 1.000000238418579102e+00 6.250000596046447754e-01
1.000000000000000000e+00 -6.250000000000000000e-01 6.250000000000000000e-01
1.000000119209289551e+00 -6.250001192092895508e-01 8.750001788139343262e-01
1.000000119209289551e+00 -8.750000000000000000e-01 8.750000596046447754e-01
1.000000238418579102e+00 -8.750001192092895508e-01 6.250000596046447754e-01
-6.250000596046447754e-01 -1.000000119209289551e+00 6.250000000000000000e-01
-6.250000000000000000e-01 -1.000000119209289551e+00 8.750000596046447754e-01
-8.750000596046447754e-01 -1.000000119209289551e+00 8.750000596046447754e-01
-8.750001192092895508e-01 -1.000000119209289551e+00 6.249999403953552246e-01
7.262820601463317871e-01 -7.262820601463317871e-01 -1.000000000000000000e+00
8.750001788139343262e-01 -6.250001192092895508e-01 -1.000000119209289551e+00
8.750000596046447754e-01 -8.750000000000000000e-01 -1.000000119209289551e+00
6.250000596046447754e-01 -8.750001192092895508e-01 -1.000000238418579102e+00
-7.262820601463317871e-01 -7.262820601463317871e-01 1.000000000000000000e+00
-8.750001788139343262e-01 -6.250001192092895508e-01 1.000000119209289551e+00
-8.750000596046447754e-01 -8.750000000000000000e-01 1.000000119209289551e+00
-6.250000596046447754e-01 -8.750001192092895508e-01 1.000000238418579102e+00
8.750001192092895508e-01 -6.250000000000000000e-01 1.000000119209289551e+00
7.262821197509765625e-01 -7.262821197509765625e-01 1.000000119209289551e+00
6.250000000000000000e-01 -8.750000596046447754e-01 1.000000119209289551e+00
8.750001192092895508e-01 -8.750001192092895508e-01 1.000000119209289551e+00
2.905128300189971924e-01 -7.262821197509765625e-01 1.000000119209289551e+00
-2.905128300189971924e-01 -7.262821197509765625e-01 1.000000119209289551e+00
-2.500000000000000000e-01 -8.750001788139343262e-01 1.000000119209289551e+00
2.500000000000000000e-01 -8.750001788139343262e-01 1.000000119209289551e+00
-8.750001192092895508e-01 -6.250000000000000000e-01 -1.000000119209289551e+00
-7.262821197509765625e-01 -7.262821197509765625e-01 -1.000000119209289551e+00
-6.250000000000000000e-01 -8.750000596046447754e-01 -1.000000119209289551e+00
-8.750001192092895508e-01 -8.750001192092895508e-01 -1.000000119209289551e+00
-2.905128300189971924e-01 -7.262821197509765625e-01 -1.000000119209289551e+00
2.905128300189971924e-01 -7.262821197509765625e-01 -1.000000119209289551e+00
2.500000000000000000e-01 -8.750001788139343262e-01 -1.000000119209289551e+00
-2.500000000000000000e-01 -8.750001788139343262e-01 -1.000000119209289551e+00
8.750000000000000000e-01 -1.000000000000000000e+00 6.250000000000000000e-01
8.750001192092895508e-01 -1.000000119209289551e+00 8.750001192092895508e-01
6.250000000000000000e-01 -1.000000119209289551e+00 8.750001192092895508e-01
6.249999403953552246e-01 -1.000000000000000000e+00 6.249999403953552246e-01
2.500000298023223877e-01 -1.000000238418579102e+00 6.250000596046447754e-01
2.499999850988388062e-01 -1.000000119209289551e+00 8.750000000000000000e-01
-2.500000000000000000e-01 -1.000000238418579102e+00 8.750001192092895508e-01
-2.500000298023223877e-01 -1.000000238418579102e+00 6.250000596046447754e-01
-8.750001788139343262e-01 1.000000119209289551e+00 6.250000596046447754e-01
-8.750000596046447754e-01 1.000000119209289551e+00 8.750000000000000000e-01
-6.250000596046447754e-01 1.000000238418579102e+00 8.750000596046447754e-01
-6.249999403953552246e-01 1.000000119209289551e+00 6.249999403953552246e-01
-2.500000298023223877e-01 1.000000238418579102e+00 6.250000596046447754e-01
-2.499999850988388062e-01 1.000000119209289551e+00 8.750000000000000000e-01
2.500000000000000000e-01 1.000000238418579102e+00 8.750001192092895508e-01
2.500000298023223877e-01 1.000000238418579102e+00 6.250000596046447754e-01
-2.499999850988388062e-01 1.000000119209289551e+00 -8.750000000000000000e-01
-2.500000298023223877e-01 1.000000238418579102e+00 -6.250000596046447754e-01
2.500000298023223877e-01 1.000000238418579102e+00 -6.250000596046447754e-01
2.500000000000000000e-01 1.000000238418579102e+00 -8.750001788139343262e-01
-2.500000000000000000e-01 1.000000119209289551e+00 -2.500000000000000000e-01
-2.500000000000000000e-01 1.000000119209289551e+00 2.500000000000000000e-01
2.500000000000000000e-01 1.000000119209289551e+00 2.500000000000000000e-01
2.500000000000000000e-01 1.000000119209289551e+00 -2.500000000000000000e-01
-8.750000596046447754e-01 1.000000119209289551e+00 -8.750000596046447754e-01
-8.750001788139343262e-01 1.000000119209289551e+00 -6.250000596046447754e-01
-6.249999403953552246e-01 1.000000119209289551e+00 -6.249999403953552246e-01
-6.250000596046447754e-01 1.000000238418579102e+00 -8.750001192092895508e-01
-8.750001192092895508e-01 1.000000119209289551e+00 -2.500000000000000000e-01
-8.750001192092895508e-01 1.000000119209289551e+00 2.500000000000000000e-01
-6.250000596046447754e-01 1.000000119209289551e+00 2.500000000000000000e-01
-6.250000596046447754e-01 1.000000119209289551e+00 -2.500000000000000000e-01
2.499999850988388062e-01 -1.000000119209289551e+00 -8.750000000000000000e-01
2.500000298023223877e-01 -1.000000238418579102e+00 -6.250000596046447754e-01
-2.500000298023223877e-01 -1.000000238418579102e+00 -6.250000596046447754e-01
-2.500000000000000000e-01 -1.000000238418579102e+00 -8.750001788139343262e-01
2.500000000000000000e-01 -1.000000119209289551e+00 -2.500000000000000000e-01
2.500000000000000000e-01 -1.000000119209289551e+00 2.500000000000000000e-01
-2.500000000000000000e-01 -1.000000119209289551e+00 2.500000000000000000e-01
-2.500000000000000000e-01 -1.000000119209289551e+00 -2.500000000000000000e-01
8.750000000000000000e-01 -1.000000000000000000e+00 -8.750000000000000000e-01
8.750000596046447754e-01 -1.000000000000000000e+00 -6.250000000000000000e-01
6.250000596046447754e-01 -1.000000119209289551e+00 -6.250001192092895508e-01
6.249999403953552246e-01 -1.000000000000000000e+00 -8.750001192092895508e-01
8.750001192092895508e-01 -1.000000119209289551e+00 -2.500000000000000000e-01
8.750001192092895508e-01 -1.000000119209289551e+00 2.500000000000000000e-01
6.250000596046447754e-01 -1.000000119209289551e+00 2.500000000000000000e-01
6.250000596046447754e-01 -1.000000119209289551e+00 -2.500000000000000000e-01
-6.250000596046447754e-01 -1.000000119209289551e+00 -8.750000596046447754e-01
-6.250000596046447754e-01 -1.000000119209289551e+00 -6.250000000000000000e-01
-8.750000596046447754e-01 -1.000000119209289551e+00 -6.250000000000000000e-01
-8.749999403953552246e-01 -1.000000000000000000e+00 -8.749999403953552246e-01
-6.250000596046447754e-01 -1.000000238418579102e+00 -2.500000298023223877e-01
-6.250000596046447754e-01 -1.000000238418579102e+00 2.500000298023223877e-01
-8.750001192092895508e-01 -1.000000119209289551e+00 2.499999850988388062e-01
-8.750001192092895508e-01 -1.000000119209289551e+00 -2.499999850988388062e-01
1.000000119209289551e+00 -6.250000000000000000e-01 -8.750001192092895508e-01
1.000000119209289551e+00 -6.250000596046447754e-01 -6.250000596046447754e-01
1.000000119209289551e+00 -8.750000596046447754e-01 -6.250000000000000000e-01
1.000000119209289551e+00 -8.750001192092895508e-01 -8.750001192092895508e-01
1.000000238418579102e+00 -6.250000596046447754e-01 -2.500000298023223877e-01
1.000000238418579102e+00 -6.250000596046447754e-01 2.500000298023223877e-01
1.000000119209289551e+00 -8.750001192092895508e-01 2.499999850988388062e-01
1.000000119209289551e+00 -8.750001192092895508e-01 -2.499999850988388062e-01
6.250000000000000000e-01 1.000000119209289551e+00 -8.750001192092895508e-01
6.250000596046447754e-01 1.000000119209289551e+00 -6.250000596046447754e-01
8.750000596046447754e-01 1.000000119209289551e+00 -6.250000000000000000e-01
8.750001192092895508e-01 1.000000119209289551e+00 -8.750001192092895508e-01
6.250000596046447754e-01 1.000000238418579102e+00 -2.500000298023223877e-01
6.250000596046447754e-01 1.000000238418579102e+00 2.500000298023223877e-01
8.750001192092895508e-01 1.000000119209289551e+00 2.499999850988388062e-01
8.750001192092895508e-01 1.000000119209289551e+00 -2.499999850988388062e-01
-1.000000119209289551e+00 6.250000596046447754e-01 -8.750000596046447754e-01
-1.000000119209289551e+00 6.250000596046447754e-01 -6.250000000000000000e-01
-1.000000119209289551e+00 8.750000596046447754e-01 -6.250000000000000000e-01
-1.000000000000000000e+00 8.749999403953552246e-01 -8.749999403953552246e-01
-1.000000238418579102e+00 6.250000596046447754e-01 -2.500000298023223877e-01
-1.000000238418579102e+00 6.250000596046447754e-01 2.500000298023223877e-01
-1.000000119209289551e+00 8.750001192092895508e-01 2.499999850988388062e-01
-1.000000119209289551e+00 8.750001192092895508e-01 -2.499999850988388062e-01
-1.000000119209289551e+00 -8.750001192092895508e-01 -2.500000000000000000e-01
-1.000000119209289551e+00 -8.750001192092895508e-01 2.500000000000000000e-01
-1.000000119209289551e+00 -6.250000596046447754e-01 2.500000000000000000e-01
-1.000000119209289551e+00 -6.250000596046447754e-01 -2.500000000000000000e-01
-1.000000119209289551e+00 -2.500000000000000000e-01 -2.500000000000000000e-01
-1.000000119209289551e+00 -2.500000000000000000e-01 2.500000000000000000e-01
-1.000000119209289551e+00 2.500000000000000000e-01 2.500000000000000000e-01
-1.000000119209289551e+00 2.500000000000000000e-01 -2.500000000000000000e-01
-1.000000119209289551e+00 -8.750000596046447754e-01 -8.750000596046447754e-01
-1.000000119209289551e+00 -8.750001788139343262e-01 -6.250000596046447754e-01
-1.000000119209289551e+00 -6.249999403953552246e-01 -6.249999403953552246e-01
-1.000000238418579102e+00 -6.250000596046447754e-01 -8.750001192092895508e-01
-1.000000119209289551e+00 -2.499999850988388062e-01 -8.750000000000000000e-01
-1.000000238418579102e+00 -2.500000298023223877e-01 -6.250000596046447754e-01
-1.000000238418579102e+00 2.500000298023223877e-01 -6.250000596046447754e-01
-1.000000238418579102e+00 2.500000000000000000e-01 -8.750001788139343262e-01
1.000000119209289551e+00 8.750001192092895508e-01 -2.500000000000000000e-01
1.000000119209289551e+00 8.750001192092895508e-01 2.500000000000000000e-01
1.000000119209289551e+00 6.250000596046447754e-01 2.500000000000000000e-01
1.000000119209289551e+00 6.250000596046447754e-01 -2.500000000000000000e-01
1.000000119209289551e+00 2.500000000000000000e-01 -2.500000000000000000e-01
1.000000119209289551e+00 2.500000000000000000e-01 2.500000000000000000e-01
1.000000119209289551e+00 -2.500000000000000000e-01 2.500000000000000000e-01
1.000000119209289551e+00 -2.500000000000000000e-01 -2.500000000000000000e-01
1.000000000000000000e+00 8.750000000000000000e-01 -8.750000000000000000e-01
1.000000000000000000e+00 8.750000596046447754e-01 -6.250000000000000000e-01
1.000000119209289551e+00 6.250000596046447754e-01 -6.250001192092895508e-01
1.000000000000000000e+00 6.249999403953552246e-01 -8.750001192092895508e-01
1.000000119209289551e+00 2.499999850988388062e-01 -8.750000000000000000e-01
1.000000238418579102e+00 2.500000298023223877e-01 -6.250000596046447754e-01
1.000000238418579102e+00 -2.500000298023223877e-01 -6.250000596046447754e-01
1.000000238418579102e+00 -2.500000000000000000e-01 -8.750001788139343262e-01
-2.500000298023223877e-01 8.750001788139343262e-01 -1.000000238418579102e+00
2.500000298023223877e-01 8.750001788139343262e-01 -1.000000238418579102e+00
2.905128002166748047e-01 7.262820601463317871e-01 -1.000000119209289551e+00
-2.905128002166748047e-01 7.262820601463317871e-01 -1.000000119209289551e+00
-5.810256600379943848e-01 -2.905128300189971924e-01 6.250000596046447754e-01
-5.810256600379943848e-01 2.905128300189971924e-01 6.250000596046447754e-01
-5.810256600379943848e-01 2.905128300189971924e-01 8.750001788139343262e-01
-5.810256600379943848e-01 -2.905128300189971924e-01 8.750001788139343262e-01
-8.750000000000000000e-01 8.750000000000000000e-01 -1.000000000000000000e+00
-6.250000000000000000e-01 8.750000596046447754e-01 -1.000000000000000000e+00
-7.262822389602661133e-01 7.262821197509765625e-01 -1.000000119209289551e+00
-8.750001192092895508e-01 6.249999403953552246e-01 -1.000000000000000000e+00
-8.750001192092895508e-01 2.500000298023223877e-01 -1.000000119209289551e+00
-7.262821197509765625e-01 2.905128002166748047e-01 -1.000000119209289551e+00
-7.262821197509765625e-01 -2.905128002166748047e-01 -1.000000119209289551e+00
-8.750001192092895508e-01 -2.500000298023223877e-01 -1.000000238418579102e+00
2.500000298023223877e-01 8.750001788139343262e-01 1.000000238418579102e+00
-2.500000298023223877e-01 8.750001788139343262e-01 1.000000238418579102e+00
-2.905128002166748047e-01 7.262820601463317871e-01 1.000000119209289551e+00
2.905128002166748047e-01 7.262820601463317871e-01 1.000000119209289551e+00
2.905128300189971924e-01 -5.810256600379943848e-01 6.250000596046447754e-01
-2.905128300189971924e-01 -5.810256600379943848e-01 6.250000596046447754e-01
-2.905128300189971924e-01 -5.810256600379943848e-01 8.750001788139343262e-01
2.905128300189971924e-01 -5.810256600379943848e-01 8.750001788139343262e-01
8.750000000000000000e-01 8.750000000000000000e-01 1.000000000000000000e+00
6.250000000000000000e-01 8.750000596046447754e-01 1.000000000000000000e+00
7.262822389602661133e-01 7.262821197509765625e-01 1.000000119209289551e+00
8.750001192092895508e-01 6.249999403953552246e-01 1.000000000000000000e+00
8.750001192092895508e-01 2.500000298023223877e-01 1.000000119209289551e+00
7.262821197509765625e-01 2.905128002166748047e-01 1.000000119209289551e+00
7.262821197509765625e-01 -2.905128002166748047e-01 1.000000119209289551e+00
8.750001192092895508e-01 -2.500000298023223877e-01 1.000000238418579102e+00
-6.250000000000000000e-01 8.750000000000000000e-01 1.000000000000000000e+00
-8.750001192092895508e-01 8.750001192092895508e-01 1.000000119209289551e+00
-8.750001192092895508e-01 6.250000000000000000e-01 1.000000119209289551e+00
-7.262820005416870117e-01 7.262820005416870117e-01 1.000000000000000000e+00
-7.262820601463317871e-01 2.905128002166748047e-01 1.000000119209289551e+00
-8.750001788139343262e-01 2.500000298023223877e-01 1.000000238418579102e+00
-8.750001788139343262e-01 -2.500000298023223877e-01 1.000000238418579102e+00
-7.262821197509765625e-01 -2.905128300189971924e-01 1.000000119209289551e+00
6.250000000000000000e-01 8.750000000000000000e-01 -1.000000000000000000e+00
8.750001192092895508e-01 8.750001192092895508e-01 -1.000000119209289551e+00
8.750001192092895508e-01 6.250000000000000000e-01 -1.000000119209289551e+00
7.262820005416870117e-01 7.262820005416870117e-01 -1.000000000000000000e+00
7.262820601463317871e-01 2.905128002166748047e-01 -1.000000119209289551e+00
8.750001788139343262e-01 2.500000298023223877e-01 -1.000000238418579102e+00
8.750001788139343262e-01 -2.500000298023223877e-01 -1.000000238418579102e+00
7.262821197509765625e-01 -2.905128300189971924e-01 -1.000000119209289551e+00
1.000000000000000000e+00 8.750000000000000000e-01 6.250000000000000000e-01
1.000000119209289551e+00 8.750001192092895508e-01 8.750001192092895508e-01
1.000000119209289551e+00 6.250000000000000000e-01 8.750001192092895508e-01
1.000000000000000000e+00 6.249999403953552246e-01 6.249999403953552246e-01
1.000000238418579102e+00 2.500000298023223877e-01 6.250000596046447754e-01
1.000000119209289551e+00 2.499999850988388062e-01 8.750000000000000000e-01
1.000000238418579102e+00 -2.500000000000000000e-01 8.750001192092895508e-01
1.000000238418579102e+00 -2.500000298023223877e-01 6.250000596046447754e-01
-1.000000119209289551e+00 -8.750001788139343262e-01 6.250000596046447754e-01
-1.000000119209289551e+00 -8.750000596046447754e-01 8.750000000000000000e-01
-1.000000238418579102e+00 -6.250000596046447754e-01 8.750000596046447754e-01
-1.000000119209289551e+00 -6.249999403953552246e-01 6.249999403953552246e-01
-1.000000238418579102e+00 -2.500000298023223877e-01 6.250000596046447754e-01
-1.000000119209289551e+00 -2.499999850988388062e-01 8.750000000000000000e-01
-1.000000238418579102e+00 2.500000000000000000e-01 8.750001192092895508e-01
-1.000000238418579102e+00 2.500000298023223877e-01 6.250000596046447754e-01
-2.905128300189971924e-01 5.810256600379943848e-01 6.250000596046447754e-01
2.905128300189971924e-01 5.810256600379943848e-01 6.250000596046447754e-01
2.905128300189971924e-01 5.810256600379943848e-01 8.750001788139343262e-01
-2.905128300189971924e-01 5.810256600379943848e-01 8.750001788139343262e-01
5.810256600379943848e-01 2.905128300189971924e-01 6.250000596046447754e-01
5.810256600379943848e-01 -2.905128300189971924e-01 6.250000596046447754e-01
5.810256600379943848e-01 -2.905128300189971924e-01 8.750001788139343262e-01
5.810256600379943848e-01 2.905128300189971924e-01 8.750001788139343262e-01
5.810256600379943848e-01 2.905128598213195801e-01 -8.750001788139343262e-01
5.810256600379943848e-01 -2.905128598213195801e-01 -8.750001788139343262e-01
5.810256600379943848e-01 -2.905128002166748047e-01 -6.250000000000000000e-01
5.810256600379943848e-01 2.905128002166748047e-01 -6.250000000000000000e-01
5.810256600379943848e-01 2.905128300189971924e-01 -2.500000000000000000e-01
5.810256600379943848e-01 -2.905128300189971924e-01 -2.500000000000000000e-01
5.810256600379943848e-01 -2.905128300189971924e-01 2.500000000000000000e-01
5.810256600379943848e-01 2.905128300189971924e-01 2.500000000000000000e-01
-2.905128598213195801e-01 5.810256600379943848e-01 -8.750001788139343262e-01
2.905128598213195801e-01 5.810256600379943848e-01 -8.750001788139343262e-01
2.905128002166748047e-01 5.810256600379943848e-01 -6.250000000000000000e-01
-2.905128002166748047e-01 5.810256600379943848e-01 -6.250000000000000000e-01
-2.905128300189971924e-01 5.810256600379943848e-01 -2.500000000000000000e-01
2.905128300189971924e-01 5.810256600379943848e-01 -2.500000000000000000e-01
2.905128300189971924e-01 5.810256600379943848e-01 2.500000000000000000e-01
-2.905128300189971924e-01 5.810256600379943848e-01 2.500000000000000000e-01
2.905128598213195801e-01 -5.810256600379943848e-01 -8.750001788139343262e-01
-2.905128598213195801e-01 -5.810256600379943848e-01 -8.750001788139343262e-01
-2.905128002166748047e-01 -5.810256600379943848e-01 -6.250000000000000000e-01
2.905128002166748047e-01 -5.810256600379943848e-01 -6.250000000000000000e-01
2.905128300189971924e-01 -5.810256600379943848e-01 -2.500000000000000000e-01
-2.905128300189971924e-01 -5.810256600379943848e-01 -2.500000000000000000e-01
-2.905128300189971924e-01 -5.810256600379943848e-01 2.500000000000000000e-01
2.905128300189971924e-01 -5.810256600379943848e-01 2.500000000000000000e-01
-5.810256600379943848e-01 -2.905128598213195801e-01 -8.750001788139343262e-01
-5.810256600379943848e-01 2.905128598213195801e-01 -8.750001788139343262e-01
-5.810256600379943848e-01 2.905128002166748047e-01 -6.250000000000000000e-01
-5.810256600379943848e-01 -2.905128002166748047e-01 -6.250000000000000000e-01
-5.810256600379943848e-01 -2.905128300189971924e-01 -2.500000000000000000e-01
-5.810256600379943848e-01 2.905128300189971924e-01 -2.500000000000000000e-01
-5.810256600379943848e-01 2.905128300189971924e-01 2.500000000000000000e-01
-5.810256600379943848e-01 -2.905128300189971924e-01 2.500000000000000000e-01
