-1.000000000000000000e+00 -1.000000000000000000e+00 -1.000000000000000000e+00
-1.000000000000000000e+00 -1.000000000000000000e+00 1.000000000000000000e+00
-1.000000000000000000e+00 1.000000000000000000e+00 -1.000000000000000000e+00
-1.000000000000000000e+00 1.000000000000000000e+00 1.000000000000000000e+00
1.000000000000000000e+00 -1.000000000000000000e+00 -1.000000000000000000e+00
1.000000000000000000e+00 -1.000000000000000000e+00 1.000000000000000000e+00
1.000000000000000000e+00 1.000000000000000000e+00 -1.000000000000000000e+00
1.000000000000000000e+00 1.000000000000000000e+00 1.000000000000000000e+00
-1.000000000000000000e+00 -1.000000000000000000e+00 -7.777777910232543945e-01
-1.000000000000000000e+00 -1.000000000000000000e+00 -5.555555820465087891e-01
-1.000000000000000000e+00 -1.000000000000000000e+00 -3.333333432674407959e-01
-1.000000000000000000e+00 -1.000000000000000000e+00 -1.111111044883728027e-01
-1.000000000000000000e+00 -1.000000000000000000e+00 1.111111342906951904e-01
-1.000000000000000000e+00 -1.000000000000000000e+00 3.333333432674407959e-01
-1.000000000000000000e+00 -1.000000000000000000e+00 5.555555820465087891e-01
-1.000000000000000000e+00 -1.000000000000000000e+00 7.777777910232543945e-01
-1.000000000000000000e+00 1.000000000000000000e+00 7.777777910232543945e-01
-1.000000000000000000e+00 1.000000000000000000e+00 5.555555820465087891e-01
-1.000000000000000000e+00 1.000000000000000000e+00 3.333333432674407959e-01
-1.000000000000000000e+00 1.000000000000000000e+00 1.111111044883728027e-01
-1.000000000000000000e+00 1.000000000000000000e+00 -1.111111342906951904e-01
-1.000000000000000000e+00 1.000000000000000000e+00 -3.333333432674407959e-01
-1.000000000000000000e+00 1.000000000000000000e+00 -5.555555820465087891e-01
-1.000000000000000000e+00 1.000000000000000000e+00 -7.777777910232543945e-01
1.000000000000000000e+00 1.000000000000000000e+00 7.777777910232543945e-01
1.000000000000000000e+00 1.000000000000000000e+00 5.555555820465087891e-01
1.000000000000000000e+00 1.000000000000000000e+00 3.333333432674407959e-01
1.000000000000000000e+00 1.000000000000000000e+00 1.111111044883728027e-01
1.000000000000000000e+00 1.000000000000000000e+00 -1.111111342906951904e-01
1.000000000000000000e+00 1.000000000000000000e+00 -3.333333432674407959e-01
1.000000000000000000e+00 1.000000000000000000e+00 -5.555555820465087891e-01
1.000000000000000000e+00 1.000000000000000000e+00 -7.777777910232543945e-01
1.000000000000000000e+00 -1.000000000000000000e+00 7.777777910232543945e-01
1.000000000000000000e+00 -1.000000000000000000e+00 5.555555820465087891e-01
1.000000000000000000e+00 -1.000000000000000000e+00 3.333333432674407959e-01
1.000000000000000000e+00 -1.000000000000000000e+00 1.111111044883728027e-01
1.000000000000000000e+00 -1.000000000000000000e+00 -1.111111342906951904e-01
1.000000000000000000e+00 -1.000000000000000000e+00 -3.333333432674407959e-01
1.000000000000000000e+00 -1.000000000000000000e+00 -5.555555820465087891e-01
1.000000000000000000e+00 -1.000000000000000000e+00 -7.777777910232543945e-01
7.777777910232543945e-01 1.000000000000000000e+00 -1.000000000000000000e+00
5.555555820465087891e-01 1.000000000000000000e+00 -1.000000000000000000e+00
3.333333432674407959e-01 1.000000000000000000e+00 -1.000000000000000000e+00
1.111111044883728027e-01 1.000000000000000000e+00 -1.000000000000000000e+00
-1.111111342906951904e-01 1.000000000000000000e+00 -1.000000000000000000e+00
-3.333333432674407959e-01 1.000000000000000000e+00 -1.000000000000000000e+00
-5.555555820465087891e-01 1.000000000000000000e+00 -1.000000000000000000e+00
-7.777777910232543945e-01 1.000000000000000000e+00 -1.000000000000000000e+00
-7.777777910232543945e-01 1.000000000000000000e+00 1.000000000000000000e+00
-5.555555820465087891e-01 1.000000000000000000e+00 1.000000000000000000e+00
-3.333333432674407959e-01 1.000000000000000000e+00 1.000000000000000000e+00
-1.111111044883728027e-01 1.000000000000000000e+00 1.000000000000000000e+00
1.111111342906951904e-01 1.000000000000000000e+00 1.000000000000000000e+00
3.333333432674407959e-01 1.000000000000000000e+00 1.000000000000000000e+00
5.555555820465087891e-01 1.000000000000000000e+00 1.000000000000000000e+00
7.777777910232543945e-01 1.000000000000000000e+00 1.000000000000000000e+00
-7.777777910232543945e-01 -1.000000000000000000e+00 -1.000000000000000000e+00
-5.555555820465087891e-01 -1.000000000000000000e+00 -1.000000000000000000e+00
-3.333333432674407959e-01 -1.000000000000000000e+00 -1.000000000000000000e+00
-1.111111044883728027e-01 -1.000000000000000000e+00 -1.000000000000000000e+00
1.111111342906951904e-01 -1.000000000000000000e+00 -1.000000000000000000e+00
3.333333432674407959e-01 -1.000000000000000000e+00 -1.000000000000000000e+00
5.555555820465087891e-01 -1.000000000000000000e+00 -1.000000000000000000e+00
7.777777910232543945e-01 -1.000000000000000000e+00 -1.000000000000000000e+00
7.777777910232543945e-01 -1.000000000000000000e+00 1.000000000000000000e+00
5.555555820465087891e-01 -1.000000000000000000e+00 1.000000000000000000e+00
3.333333432674407959e-01 -1.000000000000000000e+00 1.000000000000000000e+00
1.111111044883728027e-01 -1.000000000000000000e+00 1.000000000000000000e+00
-1.111111342906951904e-01 -1.000000000000000000e+00 1.000000000000000000e+00
-3.333333432674407959e-01 -1.000000000000000000e+00 1.000000000000000000e+00
-5.555555820465087891e-01 -1.000000000000000000e+00 1.000000000000000000e+00
-7.777777910232543945e-01 -1.000000000000000000e+00 1.000000000000000000e+00
7.777777910232543945e-01 -1.000000000000000000e+00 -7.777777910232543945e-01
5.555555820465087891e-01 -1.000000000000000000e+00 -7.777777910232543945e-01
3.333333432674407959e-01 -1.000000000000000000e+00 -7.777777910232543945e-01
1.111111044883728027e-01 -1.000000000000000000e+00 -7.777777910232543945e-01
-1.111111342906951904e-01 -1.000000000000000000e+00 -7.777777910232543945e-01
-3.333333432674407959e-01 -1.000000000000000000e+00 -7.777777910232543945e-01
-5.555555820465087891e-01 -1.000000000000000000e+00 -7.777777910232543945e-01
-7.777777910232543945e-01 -1.000000000000000000e+00 -7.777777910232543945e-01
7.777777910232543945e-01 -1.000000000000000000e+00 -5.555555820465087891e-01
5.555555820465087891e-01 -1.000000000000000000e+00 -5.555555820465087891e-01
3.333333432674407959e-01 -1.000000000000000000e+00 -5.555555820465087891e-01
1.111111044883728027e-01 -1.000000000000000000e+00 -5.555555820465087891e-01
-1.111111342906951904e-01 -1.000000000000000000e+00 -5.555555820465087891e-01
-3.333333432674407959e-01 -1.000000000000000000e+00 -5.555555820465087891e-01
-5.555555820465087891e-01 -1.000000000000000000e+00 -5.555555820465087891e-01
-7.777777910232543945e-01 -1.000000000000000000e+00 -5.555555820465087891e-01
7.777777910232543945e-01 -1.000000000000000000e+00 -3.333333432674407959e-01
5.555555820465087891e-01 -1.000000000000000000e+00 -3.333333432674407959e-01
3.333333432674407959e-01 -1.000000000000000000e+00 -3.333333432674407959e-01
1.111111044883728027e-01 -1.000000000000000000e+00 -3.333333432674407959e-01
-1.111111342906951904e-01 -1.000000000000000000e+00 -3.333333432674407959e-01
-3.333333432674407959e-01 -1.000000000000000000e+00 -3.333333432674407959e-01
-5.555555820465087891e-01 -1.000000000000000000e+00 -3.333333432674407959e-01
-7.777777910232543945e-01 -1.000000000000000000e+00 -3.333333432674407959e-01
7.777777910232543945e-01 -1.000000000000000000e+00 -1.111111342906951904e-01
5.555555820465087891e-01 -1.000000000000000000e+00 -1.111111342906951904e-01
3.333333432674407959e-01 -1.000000000000000000e+00 -1.111111268401145935e-01
1.111111044883728027e-01 -1.000000000000000000e+00 -1.111111193895339966e-01
-1.111111342906951904e-01 -1.000000000000000000e+00 -1.111111193895339966e-01
-3.333333432674407959e-01 -1.000000000000000000e+00 -1.111111193895339966e-01
-5.555555820465087891e-01 -1.000000000000000000e+00 -1.111111119389533997e-01
-7.777777910232543945e-01 -1.000000000000000000e+00 -1.111111044883728027e-01
7.777777910232543945e-01 -1.000000000000000000e+00 1.111111044883728027e-01
5.555555820465087891e-01 -1.000000000000000000e+00 1.111111044883728027e-01
3.333333432674407959e-01 -1.000000000000000000e+00 1.111111119389533997e-01
1.111111044883728027e-01 -1.000000000000000000e+00 1.111111193895339966e-01
-1.111111342906951904e-01 -1.000000000000000000e+00 1.111111193895339966e-01
-3.333333432674407959e-01 -1.000000000000000000e+00 1.111111193895339966e-01
-5.555555820465087891e-01 -1.000000000000000000e+00 1.111111268401145935e-01
-7.777777910232543945e-01 -1.000000000000000000e+00 1.111111342906951904e-01
7.777777910232543945e-01 -1.000000000000000000e+00 3.333333432674407959e-01
5.555555820465087891e-01 -1.000000000000000000e+00 3.333333432674407959e-01
3.333333432674407959e-01 -1.000000000000000000e+00 3.333333432674407959e-01
1.111111044883728027e-01 -1.000000000000000000e+00 3.333333432674407959e-01
-1.111111342906951904e-01 -1.000000000000000000e+00 3.333333432674407959e-01
-3.333333432674407959e-01 -1.000000000000000000e+00 3.333333432674407959e-01
-5.555555820465087891e-01 -1.000000000000000000e+00 3.333333432674407959e-01
-7.777777910232543945e-01 -1.000000000000000000e+00 3.333333432674407959e-01
7.777777910232543945e-01 -1.000000000000000000e+00 5.555555820465087891e-01
5.555555820465087891e-01 -1.000000000000000000e+00 5.555555820465087891e-01
3.333333432674407959e-01 -1.000000000000000000e+00 5.555555820465087891e-01
1.111111044883728027e-01 -1.000000000000000000e+00 5.555555820465087891e-01
-1.111111342906951904e-01 -1.000000000000000000e+00 5.555555820465087891e-01
-3.333333432674407959e-01 -1.000000000000000000e+00 5.555555820465087891e-01
-5.555555820465087891e-01 -1.000000000000000000e+00 5.555555820465087891e-01
-7.777777910232543945e-01 -1.000000000000000000e+00 5.555555820465087891e-01
7.777777910232543945e-01 -1.000000000000000000e+00 7.777777910232543945e-01
5.555555820465087891e-01 -1.000000000000000000e+00 7.777777910232543945e-01
3.333333432674407959e-01 -1.000000000000000000e+00 7.777777910232543945e-01
1.111111044883728027e-01 -1.000000000000000000e+00 7.777777910232543945e-01
-1.111111342906951904e-01 -1.000000000000000000e+00 7.777777910232543945e-01
-3.333333432674407959e-01 -1.000000000000000000e+00 7.777777910232543945e-01
-5.555555820465087891e-01 -1.000000000000000000e+00 7.777777910232543945e-01
-7.777777910232543945e-01 -1.000000000000000000e+00 7.777777910232543945e-01
-7.777777910232543945e-01 1.000000000000000000e+00 -7.777777910232543945e-01
-5.555555820465087891e-01 1.000000000000000000e+00 -7.777777910232543945e-01
-3.333333432674407959e-01 1.000000000000000000e+00 -7.777777910232543945e-01
-1.111111044883728027e-01 1.000000000000000000e+00 -7.777777910232543945e-01
1.111111342906951904e-01 1.000000000000000000e+00 -7.777777910232543945e-01
3.333333432674407959e-01 1.000000000000000000e+00 -7.777777910232543945e-01
5.555555820465087891e-01 1.000000000000000000e+00 -7.777777910232543945e-01
7.777777910232543945e-01 1.000000000000000000e+00 -7.777777910232543945e-01
-7.777777910232543945e-01 1.000000000000000000e+00 -5.555555820465087891e-01
-5.555555820465087891e-01 1.000000000000000000e+00 -5.555555820465087891e-01
-3.333333432674407959e-01 1.000000000000000000e+00 -5.555555820465087891e-01
-1.111111044883728027e-01 1.000000000000000000e+00 -5.555555820465087891e-01
1.111111342906951904e-01 1.000000000000000000e+00 -5.555555820465087891e-01
3.333333432674407959e-01 1.000000000000000000e+00 -5.555555820465087891e-01
5.555555820465087891e-01 1.000000000000000000e+00 -5.555555820465087891e-01
7.777777910232543945e-01 1.000000000000000000e+00 -5.555555820465087891e-01
-7.777777910232543945e-01 1.000000000000000000e+00 -3.333333432674407959e-01
-5.555555820465087891e-01 1.000000000000000000e+00 -3.333333432674407959e-01
-3.333333432674407959e-01 1.000000000000000000e+00 -3.333333432674407959e-01
-1.111111044883728027e-01 1.000000000000000000e+00 -3.333333432674407959e-01
1.111111342906951904e-01 1.000000000000000000e+00 -3.333333432674407959e-01
3.333333432674407959e-01 1.000000000000000000e+00 -3.333333432674407959e-01
5.555555820465087891e-01 1.000000000000000000e+00 -3.333333432674407959e-01
7.777777910232543945e-01 1.000000000000000000e+00 -3.333333432674407959e-01
-7.777777910232543945e-01 1.000000000000000000e+00 -1.111111342906951904e-01
-5.555555820465087891e-01 1.000000000000000000e+00 -1.111111342906951904e-01
-3.333333432674407959e-01 1.000000000000000000e+00 -1.111111342906951904e-01
-1.111111044883728027e-01 1.000000000000000000e+00 -1.111111342906951904e-01
1.111111342906951904e-01 1.000000000000000000e+00 -1.111111342906951904e-01
3.333333432674407959e-01 1.000000000000000000e+00 -1.111111342906951904e-01
5.555555820465087891e-01 1.000000000000000000e+00 -1.111111342906951904e-01
7.777777910232543945e-01 1.000000000000000000e+00 -1.111111342906951904e-01
-7.777777910232543945e-01 1.000000000000000000e+00 1.111111044883728027e-01
-5.555555820465087891e-01 1.000000000000000000e+00 1.111111044883728027e-01
-3.333333432674407959e-01 1.000000000000000000e+00 1.111111044883728027e-01
-1.111111044883728027e-01 1.000000000000000000e+00 1.111111044883728027e-01
1.111111342906951904e-01 1.000000000000000000e+00 1.111111044883728027e-01
3.333333432674407959e-01 1.000000000000000000e+00 1.111111044883728027e-01
5.555555820465087891e-01 1.000000000000000000e+00 1.111111044883728027e-01
7.777777910232543945e-01 1.000000000000000000e+00 1.111111044883728027e-01
-7.777777910232543945e-01 1.000000000000000000e+00 3.333333432674407959e-01
-5.555555820465087891e-01 1.000000000000000000e+00 3.333333432674407959e-01
-3.333333432674407959e-01 1.000000000000000000e+00 3.333333432674407959e-01
-1.111111044883728027e-01 1.000000000000000000e+00 3.333333432674407959e-01
1.111111342906951904e-01 1.000000000000000000e+00 3.333333432674407959e-01
3.333333432674407959e-01 1.000000000000000000e+00 3.333333432674407959e-01
5.555555820465087891e-01 1.000000000000000000e+00 3.333333432674407959e-01
7.777777910232543945e-01 1.000000000000000000e+00 3.333333432674407959e-01
-7.777777910232543945e-01 1.000000000000000000e+00 5.555555820465087891e-01
-5.555555820465087891e-01 1.000000000000000000e+00 5.555555820465087891e-01
-3.333333432674407959e-01 1.000000000000000000e+00 5.555555820465087891e-01
-1.111111044883728027e-01 1.000000000000000000e+00 5.555555820465087891e-01
1.111111342906951904e-01 1.000000000000000000e+00 5.555555820465087891e-01
3.333333432674407959e-01 1.000000000000000000e+00 5.555555820465087891e-01
5.555555820465087891e-01 1.000000000000000000e+00 5.555555820465087891e-01
7.777777910232543945e-01 1.000000000000000000e+00 5.555555820465087891e-01
-7.777777910232543945e-01 1.000000000000000000e+00 7.777777910232543945e-01
-5.555555820465087891e-01 1.000000000000000000e+00 7.777777910232543945e-01
-3.333333432674407959e-01 1.000000000000000000e+00 7.777777910232543945e-01
-1.111111044883728027e-01 1.000000000000000000e+00 7.777777910232543945e-01
1.111111342906951904e-01 1.000000000000000000e+00 7.777777910232543945e-01
3.333333432674407959e-01 1.000000000000000000e+00 7.777777910232543945e-01
5.555555820465087891e-01 1.000000000000000000e+00 7.777777910232543945e-01
7.777777910232543945e-01 1.000000000000000000e+00 7.777777910232543945e-01
-1.000000000000000000e+00 7.777777910232543945e-01 -1.000000000000000000e+00
-1.000000000000000000e+00 5.555555820465087891e-01 -1.000000000000000000e+00
-1.000000000000000000e+00 3.333333432674407959e-01 -1.000000000000000000e+00
-1.000000000000000000e+00 1.111111044883728027e-01 -1.000000000000000000e+00
-1.000000000000000000e+00 -1.111111342906951904e-01 -1.000000000000000000e+00
-1.000000000000000000e+00 -3.333333432674407959e-01 -1.000000000000000000e+00
-1.000000000000000000e+00 -5.555555820465087891e-01 -1.000000000000000000e+00
-1.000000000000000000e+00 -7.777777910232543945e-01 -1.000000000000000000e+00
-1.000000000000000000e+00 -7.777777910232543945e-01 1.000000000000000000e+00
-1.000000000000000000e+00 -5.555555820465087891e-01 1.000000000000000000e+00
-1.000000000000000000e+00 -3.333333432674407959e-01 1.000000000000000000e+00
-1.000000000000000000e+00 -1.111111044883728027e-01 1.000000000000000000e+00
-1.000000000000000000e+00 1.111111342906951904e-01 1.000000000000000000e+00
-1.000000000000000000e+00 3.333333432674407959e-01 1.000000000000000000e+00
-1.000000000000000000e+00 5.555555820465087891e-01 1.000000000000000000e+00
-1.000000000000000000e+00 7.777777910232543945e-01 1.000000000000000000e+00
1.000000000000000000e+00 -7.777777910232543945e-01 -1.000000000000000000e+00
1.000000000000000000e+00 -5.555555820465087891e-01 -1.000000000000000000e+00
1.000000000000000000e+00 -3.333333432674407959e-01 -1.000000000000000000e+00
1.000000000000000000e+00 -1.111111044883728027e-01 -1.000000000000000000e+00
1.000000000000000000e+00 1.111111342906951904e-01 -1.000000000000000000e+00
1.000000000000000000e+00 3.333333432674407959e-01 -1.000000000000000000e+00
1.000000000000000000e+00 5.555555820465087891e-01 -1.000000000000000000e+00
1.000000000000000000e+00 7.777777910232543945e-01 -1.000000000000000000e+00
1.000000000000000000e+00 7.777777910232543945e-01 1.000000000000000000e+00
1.000000000000000000e+00 5.555555820465087891e-01 1.000000000000000000e+00
1.000000000000000000e+00 3.333333432674407959e-01 1.000000000000000000e+00
1.000000000000000000e+00 1.111111044883728027e-01 1.000000000000000000e+00
1.000000000000000000e+00 -1.111111342906951904e-01 1.000000000000000000e+00
1.000000000000000000e+00 -3.333333432674407959e-01 1.000000000000000000e+00
1.000000000000000000e+00 -5.555555820465087891e-01 1.000000000000000000e+00
1.000000000000000000e+00 -7.777777910232543945e-01 1.000000000000000000e+00
1.000000000000000000e+00 7.777777910232543945e-01 -7.777777910232543945e-01
1.000000000000000000e+00 5.555555820465087891e-01 -7.777777910232543945e-01
1.000000000000000000e+00 3.333333432674407959e-01 -7.777777910232543945e-01
1.000000000000000000e+00 1.111111044883728027e-01 -7.777777910232543945e-01
1.000000000000000000e+00 -1.111111342906951904e-01 -7.777777910232543945e-01
1.000000000000000000e+00 -3.333333432674407959e-01 -7.777777910232543945e-01
1.000000000000000000e+00 -5.555555820465087891e-01 -7.777777910232543945e-01
1.000000000000000000e+00 -7.777777910232543945e-01 -7.777777910232543945e-01
1.000000000000000000e+00 7.777777910232543945e-01 -5.555555820465087891e-01
1.000000000000000000e+00 5.555555820465087891e-01 -5.555555820465087891e-01
1.000000000000000000e+00 3.333333432674407959e-01 -5.555555820465087891e-01
1.000000000000000000e+00 1.111111044883728027e-01 -5.555555820465087891e-01
1.000000000000000000e+00 -1.111111342906951904e-01 -5.555555820465087891e-01
1.000000000000000000e+00 -3.333333432674407959e-01 -5.555555820465087891e-01
1.000000000000000000e+00 -5.555555820465087891e-01 -5.555555820465087891e-01
1.000000000000000000e+00 -7.777777910232543945e-01 -5.555555820465087891e-01
1.000000000000000000e+00 7.777777910232543945e-01 -3.333333432674407959e-01
1.000000000000000000e+00 5.555555820465087891e-01 -3.333333432674407959e-01
1.000000000000000000e+00 3.333333432674407959e-01 -3.333333432674407959e-01
1.000000000000000000e+00 1.111111044883728027e-01 -3.333333432674407959e-01
1.000000000000000000e+00 -1.111111342906951904e-01 -3.333333432674407959e-01
1.000000000000000000e+00 -3.333333432674407959e-01 -3.333333432674407959e-01
1.000000000000000000e+00 -5.555555820465087891e-01 -3.333333432674407959e-01
1.000000000000000000e+00 -7.777777910232543945e-01 -3.333333432674407959e-01
1.000000000000000000e+00 7.777777910232543945e-01 -1.111111342906951904e-01
1.000000000000000000e+00 5.555555820465087891e-01 -1.111111342906951904e-01
1.000000000000000000e+00 3.333333432674407959e-01 -1.111111342906951904e-01
1.000000000000000000e+00 1.111111044883728027e-01 -1.111111342906951904e-01
1.000000000000000000e+00 -1.111111342906951904e-01 -1.111111342906951904e-01
1.000000000000000000e+00 -3.333333432674407959e-01 -1.111111342906951904e-01
1.000000000000000000e+00 -5.555555820465087891e-01 -1.111111342906951904e-01
1.000000000000000000e+00 -7.777777910232543945e-01 -1.111111342906951904e-01
1.000000000000000000e+00 7.777777910232543945e-01 1.111111044883728027e-01
1.000000000000000000e+00 5.555555820465087891e-01 1.111111044883728027e-01
1.000000000000000000e+00 3.333333432674407959e-01 1.111111044883728027e-01
1.000000000000000000e+00 1.111111044883728027e-01 1.111111044883728027e-01
1.000000000000000000e+00 -1.111111342906951904e-01 1.111111044883728027e-01
1.000000000000000000e+00 -3.333333432674407959e-01 1.111111044883728027e-01
1.000000000000000000e+00 -5.555555820465087891e-01 1.111111044883728027e-01
1.000000000000000000e+00 -7.777777910232543945e-01 1.111111044883728027e-01
1.000000000000000000e+00 7.777777910232543945e-01 3.333333432674407959e-01
1.000000000000000000e+00 5.555555820465087891e-01 3.333333432674407959e-01
1.000000000000000000e+00 3.333333432674407959e-01 3.333333432674407959e-01
1.000000000000000000e+00 1.111111044883728027e-01 3.333333432674407959e-01
1.000000000000000000e+00 -1.111111342906951904e-01 3.333333432674407959e-01
1.000000000000000000e+00 -3.333333432674407959e-01 3.333333432674407959e-01
1.000000000000000000e+00 -5.555555820465087891e-01 3.333333432674407959e-01
1.000000000000000000e+00 -7.777777910232543945e-01 3.333333432674407959e-01
1.000000000000000000e+00 7.777777910232543945e-01 5.555555820465087891e-01
1.000000000000000000e+00 5.555555820465087891e-01 5.555555820465087891e-01
1.000000000000000000e+00 3.333333432674407959e-01 5.555555820465087891e-01
1.000000000000000000e+00 1.111111044883728027e-01 5.555555820465087891e-01
1.000000000000000000e+00 -1.111111342906951904e-01 5.555555820465087891e-01
1.000000000000000000e+00 -3.333333432674407959e-01 5.555555820465087891e-01
1.000000000000000000e+00 -5.555555820465087891e-01 5.555555820465087891e-01
1.000000000000000000e+00 -7.777777910232543945e-01 5.555555820465087891e-01
1.000000000000000000e+00 7.777777910232543945e-01 7.777777910232543945e-01
1.000000000000000000e+00 5.555555820465087891e-01 7.777777910232543945e-01
1.000000000000000000e+00 3.333333432674407959e-01 7.777777910232543945e-01
1.000000000000000000e+00 1.111111044883728027e-01 7.777777910232543945e-01
1.000000000000000000e+00 -1.111111342906951904e-01 7.777777910232543945e-01
1.000000000000000000e+00 -3.333333432674407959e-01 7.777777910232543945e-01
1.000000000000000000e+00 -5.555555820465087891e-01 7.777777910232543945e-01
1.000000000000000000e+00 -7.777777910232543945e-01 7.777777910232543945e-01
-1.000000000000000000e+00 -7.777777910232543945e-01 -7.777777910232543945e-01
-1.000000000000000000e+00 -5.555555820465087891e-01 -7.777777910232543945e-01
-1.000000000000000000e+00 -3.333333432674407959e-01 -7.777777910232543945e-01
-1.000000000000000000e+00 -1.111111044883728027e-01 -7.777777910232543945e-01
-1.000000000000000000e+00 1.111111342906951904e-01 -7.777777910232543945e-01
-1.000000000000000000e+00 3.333333432674407959e-01 -7.777777910232543945e-01
-1.000000000000000000e+00 5.555555820465087891e-01 -7.777777910232543945e-01
-1.000000000000000000e+00 7.777777910232543945e-01 -7.777777910232543945e-01
-1.000000000000000000e+00 -7.777777910232543945e-01 -5.555555820465087891e-01
-1.000000000000000000e+00 -5.555555820465087891e-01 -5.555555820465087891e-01
-1.000000000000000000e+00 -3.333333432674407959e-01 -5.555555820465087891e-01
-1.000000000000000000e+00 -1.111111044883728027e-01 -5.555555820465087891e-01
-1.000000000000000000e+00 1.111111342906951904e-01 -5.555555820465087891e-01
-1.000000000000000000e+00 3.333333432674407959e-01 -5.555555820465087891e-01
-1.000000000000000000e+00 5.555555820465087891e-01 -5.555555820465087891e-01
-1.000000000000000000e+00 7.777777910232543945e-01 -5.555555820465087891e-01
-1.000000000000000000e+00 -7.777777910232543945e-01 -3.333333432674407959e-01
-1.000000000000000000e+00 -5.555555820465087891e-01 -3.333333432674407959e-01
-1.000000000000000000e+00 -3.333333432674407959e-01 -3.333333432674407959e-01
-1.000000000000000000e+00 -1.111111044883728027e-01 -3.333333432674407959e-01
-1.000000000000000000e+00 1.111111342906951904e-01 -3.333333432674407959e-01
-1.000000000000000000e+00 3.333333432674407959e-01 -3.333333432674407959e-01
-1.000000000000000000e+00 5.555555820465087891e-01 -3.333333432674407959e-01
-1.000000000000000000e+00 7.777777910232543945e-01 -3.333333432674407959e-01
-1.000000000000000000e+00 -7.777777910232543945e-01 -1.111111044883728027e-01
-1.000000000000000000e+00 -5.555555820465087891e-01 -1.111111044883728027e-01
-1.000000000000000000e+00 -3.333333432674407959e-01 -1.111111119389533997e-01
-1.000000000000000000e+00 -1.111111044883728027e-01 -1.111111193895339966e-01
-1.000000000000000000e+00 1.111111342906951904e-01 -1.111111193895339966e-01
-1.000000000000000000e+00 3.333333432674407959e-01 -1.111111193895339966e-01
-1.000000000000000000e+00 5.555555820465087891e-01 -1.111111268401145935e-01
-1.000000000000000000e+00 7.777777910232543945e-01 -1.111111342906951904e-01
-1.000000000000000000e+00 -7.777777910232543945e-01 1.111111342906951904e-01
-1.000000000000000000e+00 -5.555555820465087891e-01 1.111111342906951904e-01
-1.000000000000000000e+00 -3.333333432674407959e-01 1.111111268401145935e-01
-1.000000000000000000e+00 -1.111111044883728027e-01 1.111111193895339966e-01
-1.000000000000000000e+00 1.111111342906951904e-01 1.111111193895339966e-01
-1.000000000000000000e+00 3.333333432674407959e-01 1.111111193895339966e-01
-1.000000000000000000e+00 5.555555820465087891e-01 1.111111119389533997e-01
-1.000000000000000000e+00 7.777777910232543945e-01 1.111111044883728027e-01
-1.000000000000000000e+00 -7.777777910232543945e-01 3.333333432674407959e-01
-1.000000000000000000e+00 -5.555555820465087891e-01 3.333333432674407959e-01
-1.000000000000000000e+00 -3.333333432674407959e-01 3.333333432674407959e-01
-1.000000000000000000e+00 -1.111111044883728027e-01 3.333333432674407959e-01
-1.000000000000000000e+00 1.111111342906951904e-01 3.333333432674407959e-01
-1.000000000000000000e+00 3.333333432674407959e-01 3.333333432674407959e-01
-1.000000000000000000e+00 5.555555820465087891e-01 3.333333432674407959e-01
-1.000000000000000000e+00 7.777777910232543945e-01 3.333333432674407959e-01
-1.000000000000000000e+00 -7.777777910232543945e-01 5.555555820465087891e-01
-1.000000000000000000e+00 -5.555555820465087891e-01 5.555555820465087891e-01
-1.000000000000000000e+00 -3.333333432674407959e-01 5.555555820465087891e-01
-1.000000000000000000e+00 -1.111111044883728027e-01 5.555555820465087891e-01
-1.000000000000000000e+00 1.111111342906951904e-01 5.555555820465087891e-01
-1.000000000000000000e+00 3.333333432674407959e-01 5.555555820465087891e-01
-1.000000000000000000e+00 5.555555820465087891e-01 5.555555820465087891e-01
-1.000000000000000000e+00 7.777777910232543945e-01 5.555555820465087891e-01
-1.000000000000000000e+00 -7.777777910232543945e-01 7.777777910232543945e-01
-1.000000000000000000e+00 -5.555555820465087891e-01 7.777777910232543945e-01
-1.000000000000000000e+00 -3.333333432674407959e-01 7.777777910232543945e-01
-1.000000000000000000e+00 -1.111111044883728027e-01 7.777777910232543945e-01
-1.000000000000000000e+00 1.111111342906951904e-01 7.777777910232543945e-01
-1.000000000000000000e+00 3.333333432674407959e-01 7.777777910232543945e-01
-1.000000000000000000e+00 5.555555820465087891e-01 7.777777910232543945e-01
-1.000000000000000000e+00 7.777777910232543945e-01 7.777777910232543945e-01
7.777777910232543945e-01 7.777777910232543945e-01 1.000000000000000000e+00
7.777777910232543945e-01 5.555555820465087891e-01 1.000000000000000000e+00
7.777777910232543945e-01 3.333333432674407959e-01 1.000000000000000000e+00
7.777777910232543945e-01 1.111111044883728027e-01 1.000000000000000000e+00
7.777777910232543945e-01 -1.111111342906951904e-01 1.000000000000000000e+00
7.777777910232543945e-01 -3.333333432674407959e-01 1.000000000000000000e+00
7.777777910232543945e-01 -5.555555820465087891e-01 1.000000000000000000e+00
7.777777910232543945e-01 -7.777777910232543945e-01 1.000000000000000000e+00
5.555555820465087891e-01 7.777777910232543945e-01 1.000000000000000000e+00
5.555555820465087891e-01 5.555555820465087891e-01 1.000000000000000000e+00
5.555555820465087891e-01 3.333333432674407959e-01 1.000000000000000000e+00
5.555555820465087891e-01 1.111111044883728027e-01 1.000000000000000000e+00
5.555555820465087891e-01 -1.111111342906951904e-01 1.000000000000000000e+00
5.555555820465087891e-01 -3.333333432674407959e-01 1.000000000000000000e+00
5.555555820465087891e-01 -5.555555820465087891e-01 1.000000000000000000e+00
5.555555820465087891e-01 -7.777777910232543945e-01 1.000000000000000000e+00
3.333333432674407959e-01 7.777777910232543945e-01 1.000000000000000000e+00
3.333333432674407959e-01 5.555555820465087891e-01 1.000000000000000000e+00
3.333333432674407959e-01 3.333333432674407959e-01 1.000000000000000000e+00
3.333333432674407959e-01 1.111111044883728027e-01 1.000000000000000000e+00
3.333333432674407959e-01 -1.111111342906951904e-01 1.000000000000000000e+00
3.333333432674407959e-01 -3.333333432674407959e-01 1.000000000000000000e+00
3.333333432674407959e-01 -5.555555820465087891e-01 1.000000000000000000e+00
3.333333432674407959e-01 -7.777777910232543945e-01 1.000000000000000000e+00
1.111111342906951904e-01 7.777777910232543945e-01 1.000000000000000000e+00
1.111111342906951904e-01 5.555555820465087891e-01 1.000000000000000000e+00
1.111111268401145935e-01 3.333333432674407959e-01 1.000000000000000000e+00
1.111111193895339966e-01 1.111111044883728027e-01 1.000000000000000000e+00
1.111111193895339966e-01 -1.111111342906951904e-01 1.000000000000000000e+00
1.111111193895339966e-01 -3.333333432674407959e-01 1.000000000000000000e+00
1.111111119389533997e-01 -5.555555820465087891e-01 1.000000000000000000e+00
1.111111044883728027e-01 -7.777777910232543945e-01 1.000000000000000000e+00
-1.111111044883728027e-01 7.777777910232543945e-01 1.000000000000000000e+00
-1.111111044883728027e-01 5.555555820465087891e-01 1.000000000000000000e+00
-1.111111119389533997e-01 3.333333432674407959e-01 1.000000000000000000e+00
-1.111111193895339966e-01 1.111111044883728027e-01 1.000000000000000000e+00
-1.111111193895339966e-01 -1.111111342906951904e-01 1.000000000000000000e+00
-1.111111193895339966e-01 -3.333333432674407959e-01 1.000000000000000000e+00
-1.111111268401145935e-01 -5.555555820465087891e-01 1.000000000000000000e+00
-1.111111342906951904e-01 -7.777777910232543945e-01 1.000000000000000000e+00
-3.333333432674407959e-01 7.777777910232543945e-01 1.000000000000000000e+00
-3.333333432674407959e-01 5.555555820465087891e-01 1.000000000000000000e+00
-3.333333432674407959e-01 3.333333432674407959e-01 1.000000000000000000e+00
-3.333333432674407959e-01 1.111111044883728027e-01 1.000000000000000000e+00
-3.333333432674407959e-01 -1.111111342906951904e-01 1.000000000000000000e+00
-3.333333432674407959e-01 -3.333333432674407959e-01 1.000000000000000000e+00
-3.333333432674407959e-01 -5.555555820465087891e-01 1.000000000000000000e+00
-3.333333432674407959e-01 -7.777777910232543945e-01 1.000000000000000000e+00
-5.555555820465087891e-01 7.777777910232543945e-01 1.000000000000000000e+00
-5.555555820465087891e-01 5.555555820465087891e-01 1.000000000000000000e+00
-5.555555820465087891e-01 3.333333432674407959e-01 1.000000000000000000e+00
-5.555555820465087891e-01 1.111111044883728027e-01 1.000000000000000000e+00
-5.555555820465087891e-01 -1.111111342906951904e-01 1.000000000000000000e+00
-5.555555820465087891e-01 -3.333333432674407959e-01 1.000000000000000000e+00
-5.555555820465087891e-01 -5.555555820465087891e-01 1.000000000000000000e+00
-5.555555820465087891e-01 -7.777777910232543945e-01 1.000000000000000000e+00
-7.777777910232543945e-01 7.777777910232543945e-01 1.000000000000000000e+00
-7.777777910232543945e-01 5.555555820465087891e-01 1.000000000000000000e+00
-7.777777910232543945e-01 3.333333432674407959e-01 1.000000000000000000e+00
-7.777777910232543945e-01 1.111111044883728027e-01 1.000000000000000000e+00
-7.777777910232543945e-01 -1.111111342906951904e-01 1.000000000000000000e+00
-7.777777910232543945e-01 -3.333333432674407959e-01 1.000000000000000000e+00
-7.777777910232543945e-01 -5.555555820465087891e-01 1.000000000000000000e+00
-7.777777910232543945e-01 -7.777777910232543945e-01 1.000000000000000000e+00
-7.777777910232543945e-01 7.777777910232543945e-01 -1.000000000000000000e+00
-7.777777910232543945e-01 5.555555820465087891e-01 -1.000000000000000000e+00
-7.777777910232543945e-01 3.333333432674407959e-01 -1.000000000000000000e+00
-7.777777910232543945e-01 1.111111044883728027e-01 -1.000000000000000000e+00
-7.777777910232543945e-01 -1.111111342906951904e-01 -1.000000000000000000e+00
-7.777777910232543945e-01 -3.333333432674407959e-01 -1.000000000000000000e+00
-7.777777910232543945e-01 -5.555555820465087891e-01 -1.000000000000000000e+00
-7.777777910232543945e-01 -7.777777910232543945e-01 -1.000000000000000000e+00
-5.555555820465087891e-01 7.777777910232543945e-01 -1.000000000000000000e+00
-5.555555820465087891e-01 5.555555820465087891e-01 -1.000000000000000000e+00
-5.555555820465087891e-01 3.333333432674407959e-01 -1.000000000000000000e+00
-5.555555820465087891e-01 1.111111044883728027e-01 -1.000000000000000000e+00
-5.555555820465087891e-01 -1.111111342906951904e-01 -1.000000000000000000e+00
-5.555555820465087891e-01 -3.333333432674407959e-01 -1.000000000000000000e+00
-5.555555820465087891e-01 -5.555555820465087891e-01 -1.000000000000000000e+00
-5.555555820465087891e-01 -7.777777910232543945e-01 -1.000000000000000000e+00
-3.333333432674407959e-01 7.777777910232543945e-01 -1.000000000000000000e+00
-3.333333432674407959e-01 5.555555820465087891e-01 -1.000000000000000000e+00
-3.333333432674407959e-01 3.333333432674407959e-01 -1.000000000000000000e+00
-3.333333432674407959e-01 1.111111044883728027e-01 -1.000000000000000000e+00
-3.333333432674407959e-01 -1.111111342906951904e-01 -1.000000000000000000e+00
-3.333333432674407959e-01 -3.333333432674407959e-01 -1.000000000000000000e+00
-3.333333432674407959e-01 -5.555555820465087891e-01 -1.000000000000000000e+00
-3.333333432674407959e-01 -7.777777910232543945e-01 -1.000000000000000000e+00
-1.111111342906951904e-01 7.777777910232543945e-01 -1.000000000000000000e+00
-1.111111342906951904e-01 5.555555820465087891e-01 -1.000000000000000000e+00
-1.111111268401145935e-01 3.333333432674407959e-01 -1.000000000000000000e+00
-1.111111193895339966e-01 1.111111044883728027e-01 -1.000000000000000000e+00
-1.111111193895339966e-01 -1.111111342906951904e-01 -1.000000000000000000e+00
-1.111111193895339966e-01 -3.333333432674407959e-01 -1.000000000000000000e+00
-1.111111119389533997e-01 -5.555555820465087891e-01 -1.000000000000000000e+00
-1.111111044883728027e-01 -7.777777910232543945e-01 -1.000000000000000000e+00
1.111111044883728027e-01 7.777777910232543945e-01 -1.000000000000000000e+00
1.111111044883728027e-01 5.555555820465087891e-01 -1.000000000000000000e+00
1.111111119389533997e-01 3.333333432674407959e-01 -1.000000000000000000e+00
1.111111193895339966e-01 1.111111044883728027e-01 -1.000000000000000000e+00
1.111111193895339966e-01 -1.111111342906951904e-01 -1.000000000000000000e+00
1.111111193895339966e-01 -3.333333432674407959e-01 -1.000000000000000000e+00
1.111111268401145935e-01 -5.555555820465087891e-01 -1.000000000000000000e+00
1.111111342906951904e-01 -7.777777910232543945e-01 -1.000000000000000000e+00
3.333333432674407959e-01 7.777777910232543945e-01 -1.000000000000000000e+00
3.333333432674407959e-01 5.555555820465087891e-01 -1.000000000000000000e+00
3.333333432674407959e-01 3.333333432674407959e-01 -1.000000000000000000e+00
3.333333432674407959e-01 1.111111044883728027e-01 -1.000000000000000000e+00
3.333333432674407959e-01 -1.111111342906951904e-01 -1.000000000000000000e+00
3.333333432674407959e-01 -3.333333432674407959e-01 -1.000000000000000000e+00
3.333333432674407959e-01 -5.555555820465087891e-01 -1.000000000000000000e+00
3.333333432674407959e-01 -7.777777910232543945e-01 -1.000000000000000000e+00
5.555555820465087891e-01 7.777777910232543945e-01 -1.000000000000000000e+00
5.555555820465087891e-01 5.555555820465087891e-01 -1.000000000000000000e+00
5.555555820465087891e-01 3.333333432674407959e-01 -1.000000000000000000e+00
5.555555820465087891e-01 1.111111044883728027e-01 -1.000000000000000000e+00
5.555555820465087891e-01 -1.111111342906951904e-01 -1.000000000000000000e+00
5.555555820465087891e-01 -3.333333432674407959e-01 -1.000000000000000000e+00
5.555555820465087891e-01 -5.555555820465087891e-01 -1.000000000000000000e+00
5.555555820465087891e-01 -7.777777910232543945e-01 -1.000000000000000000e+00
7.777777910232543945e-01 7.777777910232543945e-01 -1.000000000000000000e+00
7.777777910232543945e-01 5.555555820465087891e-01 -1.000000000000000000e+00
7.777777910232543945e-01 3.333333432674407959e-01 -1.000000000000000000e+00
7.777777910232543945e-01 1.111111044883728027e-01 -1.000000000000000000e+00
7.777777910232543945e-01 -1.111111342906951904e-01 -1.000000000000000000e+00
7.777777910232543945e-01 -3.333333432674407959e-01 -1.000000000000000000e+00
7.777777910232543945e-01 -5.555555820465087891e-01 -1.000000000000000000e+00
7.777777910232543945e-01 -7.777777910232543945e-01 -1.000000000000000000e+00
4.444444775581359863e-01 -9.999999403953552246e-01 4.444444775581359863e-01
-4.444444477558135986e-01 -9.999999403953552246e-01 4.444444775581359863e-01
4.444444775581359863e-01 -9.999999403953552246e-01 -4.444444775581359863e-01
-4.444444477558135986e-01 -9.999999403953552246e-01 -4.444444775581359863e-01
4.444444775581359863e-01 4.444444775581359863e-01 -9.999999403953552246e-01
4.444444775581359863e-01 -4.444444477558135986e-01 -9.999999403953552246e-01
-4.444444775581359863e-01 4.444444775581359863e-01 -9.999999403953552246e-01
-4.444444775581359863e-01 -4.444444477558135986e-01 -9.999999403953552246e-01
-4.444444775581359863e-01 9.999999403953552246e-01 4.444444775581359863e-01
4.444444477558135986e-01 9.999999403953552246e-01 4.444444775581359863e-01
-4.444444775581359863e-01 9.999999403953552246e-01 -4.444444775581359863e-01
4.444444477558135986e-01 9.999999403953552246e-01 -4.444444775581359863e-01
9.999999403953552246e-01 4.444444775581359863e-01 4.444444775581359863e-01
9.999999403953552246e-01 -4.444444477558135986e-01 4.444444775581359863e-01
9.999999403953552246e-01 4.444444775581359863e-01 -4.444444775581359863e-01
9.999999403953552246e-01 -4.444444477558135986e-01 -4.444444775581359863e-01
-4.444444775581359863e-01 4.444444775581359863e-01 9.999999403953552246e-01
-4.444444775581359863e-01 -4.444444477558135986e-01 9.999999403953552246e-01
4.444444775581359863e-01 4.444444775581359863e-01 9.999999403953552246e-01
4.444444775581359863e-01 -4.444444477558135986e-01 9.999999403953552246e-01
-9.999999403953552246e-01 -4.444444775581359863e-01 4.444444775581359863e-01
-9.999999403953552246e-01 4.444444477558135986e-01 4.444444775581359863e-01
-9.999999403953552246e-01 -4.444444775581359863e-01 -4.444444775581359863e-01
-9.999999403953552246e-01 4.444444477558135986e-01 -4.444444775581359863e-01
