-6.847069859504699707e-01 -9.306205511093139648e-01 8.239181637763977051e-01
9.187875390052795410e-01 -7.005050182342529297e-01 8.239182233810424805e-01
-9.187877178192138672e-01 7.005051374435424805e-01 8.239181637763977051e-01
6.847069263458251953e-01 9.306205511093139648e-01 8.239182829856872559e-01
-9.187875986099243164e-01 -7.005051374435424805e-01 -8.239182829856872559e-01
6.847069859504699707e-01 -9.306205511093139648e-01 -8.239182233810424805e-01
-6.847069263458251953e-01 9.306205511093139648e-01 -8.239182829856872559e-01
9.187876582145690918e-01 7.005051374435424805e-01 -8.239181041717529297e-01
-7.875217795372009277e-01 9.368827939033508301e-01 -3.794372677803039551e-01
-9.033887982368469238e-01 8.257291316986083984e-01 3.794371485710144043e-01
7.875217795372009277e-01 9.368828535079956055e-01 3.794372677803039551e-01
9.033886790275573730e-01 8.257291913032531738e-01 -3.794371187686920166e-01
-7.875217795372009277e-01 -9.368827939033508301e-01 3.794371485710144043e-01
-9.033887982368469238e-01 -8.257290720939636230e-01 -3.794372677803039551e-01
7.875216603279113770e-01 -9.368827939033508301e-01 -3.794371485710144043e-01
9.033886790275573730e-01 -8.257291316986083984e-01 3.794372677803039551e-01
-2.366218864917755127e-01 -9.001629352569580078e-01 8.554344177246093750e-01
4.888862073421478271e-01 -7.920060157775878906e-01 8.554344773292541504e-01
2.366217225790023804e-01 9.001629352569580078e-01 8.554345369338989258e-01
-4.888862967491149902e-01 7.920058965682983398e-01 8.554344773292541504e-01
4.888863265514373779e-01 7.920060157775878906e-01 -8.554343581199645996e-01
-2.366217672824859619e-01 9.001629352569580078e-01 -8.554344177246093750e-01
2.366218417882919312e-01 -9.001629352569580078e-01 -8.554344773292541504e-01
-4.888861775398254395e-01 -7.920058965682983398e-01 -8.554345965385437012e-01
3.047000765800476074e-01 -1.003275513648986816e+00 -3.693099915981292725e-01
-4.300650060176849365e-01 -9.562676548957824707e-01 -3.693100214004516602e-01
4.300650060176849365e-01 -9.562675952911376953e-01 3.693100512027740479e-01
-3.047001063823699951e-01 -1.003275513648986816e+00 3.693099617958068848e-01
3.047000169754028320e-01 1.003275513648986816e+00 3.693100512027740479e-01
-4.300650656223297119e-01 9.562676548957824707e-01 3.693099617958068848e-01
4.300650954246520996e-01 9.562676548957824707e-01 -3.693099915981292725e-01
-3.047000467777252197e-01 1.003275513648986816e+00 -3.693100214004516602e-01
-8.951588869094848633e-01 2.460618317127227783e-01 8.832079768180847168e-01
-7.796593904495239258e-01 -5.039715766906738281e-01 8.832079768180847168e-01
8.951587677001953125e-01 -2.460618615150451660e-01 8.832080960273742676e-01
7.796591520309448242e-01 5.039715766906738281e-01 8.832080960273742676e-01
-8.951588869094848633e-01 -2.460618466138839722e-01 -8.832080960273742676e-01
-7.796591520309448242e-01 5.039715766906738281e-01 -8.832080960273742676e-01
8.951588869094848633e-01 2.460618615150451660e-01 -8.832079768180847168e-01
7.796592712402343750e-01 -5.039715766906738281e-01 -8.832079768180847168e-01
9.006422758102416992e-01 3.584849238395690918e-01 -4.234400391578674316e-01
8.386604785919189453e-01 -4.861240386962890625e-01 -4.234400391578674316e-01
8.386603593826293945e-01 4.861240386962890625e-01 4.234400987625122070e-01
9.006420373916625977e-01 -3.584849238395690918e-01 4.234401285648345947e-01
-9.006422758102416992e-01 3.584849238395690918e-01 4.234400391578674316e-01
-8.386604785919189453e-01 -4.861240386962890625e-01 4.234400391578674316e-01
-8.386603593826293945e-01 4.861240386962890625e-01 -4.234402179718017578e-01
-9.006421566009521484e-01 -3.584849238395690918e-01 -4.234402179718017578e-01
-3.004125356674194336e-01 4.262211918830871582e-01 -9.817745685577392578e-01
-4.252606034278869629e-01 -3.017708659172058105e-01 -9.817746281623840332e-01
4.252606630325317383e-01 3.017708659172058105e-01 -9.817745089530944824e-01
3.004126548767089844e-01 -4.262212514877319336e-01 -9.817745685577392578e-01
-3.004126548767089844e-01 -4.262211918830871582e-01 9.817745685577392578e-01
-4.252607226371765137e-01 3.017708361148834229e-01 9.817745089530944824e-01
4.252605438232421875e-01 -3.017708659172058105e-01 9.817746281623840332e-01
3.004125356674194336e-01 4.262211918830871582e-01 9.817745685577392578e-01
3.552521765232086182e-01 -3.025521337985992432e-01 -2.846955955028533936e-01
-3.832842111587524414e-01 -2.661486566066741943e-01 -2.846956551074981689e-01
-3.552522063255310059e-01 -3.025521337985992432e-01 2.846955955028533936e-01
3.832841813564300537e-01 -2.661486566066741943e-01 2.846956551074981689e-01
-3.832842707633972168e-01 2.661486566066741943e-01 2.846955955028533936e-01
3.552521169185638428e-01 3.025521337985992432e-01 2.846956551074981689e-01
-3.552521467208862305e-01 3.025521337985992432e-01 -2.846956551074981689e-01
3.832842409610748291e-01 2.661486566066741943e-01 -2.846955955028533936e-01
-7.289823889732360840e-01 -7.877905368804931641e-01 8.608892560005187988e-01
7.711961865425109863e-01 -7.418963909149169922e-01 8.464863896369934082e-01
7.289822697639465332e-01 7.877904772758483887e-01 8.608893752098083496e-01
-7.711963057518005371e-01 7.418963909149169922e-01 8.464862704277038574e-01
-9.318637847900390625e-01 7.580763697624206543e-01 6.709023118019104004e-01
9.318637847900390625e-01 7.580762505531311035e-01 -6.709023118019104004e-01
-5.241630077362060547e-01 9.329560995101928711e-01 -8.464863300323486328e-01
-7.289822697639465332e-01 7.877905368804931641e-01 -8.608894348144531250e-01
7.289823293685913086e-01 -7.877904772758483887e-01 -8.608892560005187988e-01
-7.711961865425109863e-01 -7.418963909149169922e-01 -8.464863896369934082e-01
-9.318636655807495117e-01 -7.580761909484863281e-01 -6.709025502204895020e-01
9.318636655807495117e-01 -7.580762505531311035e-01 6.709024310111999512e-01
-7.324751019477844238e-01 9.521184563636779785e-01 -6.709025502204895020e-01
-8.485842943191528320e-01 8.916488289833068848e-01 -6.572880550947957090e-08
7.324751615524291992e-01 9.521185755729675293e-01 6.709024310111999512e-01
8.485842943191528320e-01 8.916487693786621094e-01 6.642380157018124009e-08
-7.324752807617187500e-01 -9.521184563636779785e-01 6.709023118019104004e-01
-8.485842943191528320e-01 -8.916487693786621094e-01 -6.815397313175708405e-08
7.324752807617187500e-01 -9.521185159683227539e-01 -6.709024310111999512e-01
8.485842943191528320e-01 -8.916487693786621094e-01 6.150595055487428908e-08
8.653327822685241699e-01 -7.803226113319396973e-01 -3.957617580890655518e-01
9.637498259544372559e-01 -6.548973321914672852e-01 3.957618772983551025e-01
-8.653327822685241699e-01 -7.803226113319396973e-01 3.957617580890655518e-01
-9.637498259544372559e-01 -6.548973321914672852e-01 -3.957618772983551025e-01
-7.226145863533020020e-01 -9.126200079917907715e-01 -3.717432022094726562e-01
-5.995870232582092285e-01 -9.977687597274780273e-01 3.717430830001831055e-01
-7.226145863533020020e-01 9.126200079917907715e-01 3.717430830001831055e-01
-5.995870232582092285e-01 9.977688789367675781e-01 -3.717432320117950439e-01
-5.241631269454956055e-01 -9.329560995101928711e-01 8.464862108230590820e-01
1.266914755105972290e-01 -8.479235172271728516e-01 8.573359847068786621e-01
5.241629481315612793e-01 9.329560995101928711e-01 8.464863896369934082e-01
-1.266915947198867798e-01 8.479235768318176270e-01 8.573359847068786621e-01
7.711963057518005371e-01 7.418963909149169922e-01 -8.464862704277038574e-01
1.266915947198867798e-01 8.479235172271728516e-01 -8.573359847068786621e-01
5.241630673408508301e-01 -9.329560995101928711e-01 -8.464862704277038574e-01
-1.266914755105972290e-01 -8.479235768318176270e-01 -8.573359847068786621e-01
5.995869040489196777e-01 -9.977688193321228027e-01 -3.717430830001831055e-01
-6.292066723108291626e-02 -9.847060441970825195e-01 -3.688569664955139160e-01
7.226145863533020020e-01 -9.126200079917907715e-01 3.717432022094726562e-01
6.292066723108291626e-02 -9.847060441970825195e-01 3.688569664955139160e-01
5.995869636535644531e-01 9.977688789367675781e-01 3.717432320117950439e-01
-6.292072683572769165e-02 9.847060441970825195e-01 3.688569664955139160e-01
7.226145863533020020e-01 9.126200079917907715e-01 -3.717430830001831055e-01
6.292072683572769165e-02 9.847060441970825195e-01 -3.688569664955139160e-01
-3.683282136917114258e-01 9.886596798896789551e-01 -2.780236130206503731e-08
3.683282136917114258e-01 9.886596798896789551e-01 2.819578170942804718e-08
-4.739429652690887451e-01 9.003932476043701172e-01 6.650338172912597656e-01
2.560963630676269531e-01 9.847560524940490723e-01 6.650339365005493164e-01
-3.683282136917114258e-01 -9.886596798896789551e-01 -2.781683505759247055e-08
3.683282136917114258e-01 -9.886596202850341797e-01 2.759485440151365765e-08
-4.739428460597991943e-01 -9.003932476043701172e-01 -6.650339365005493164e-01
2.560965120792388916e-01 -9.847559928894042969e-01 -6.650338768959045410e-01
-2.560965120792388916e-01 -9.847560524940490723e-01 6.650338172912597656e-01
4.739428460597991943e-01 -9.003933072090148926e-01 6.650338768959045410e-01
-4.711838364601135254e-01 -5.960491299629211426e-01 -9.488474130630493164e-01
2.538353204727172852e-01 -7.161398530006408691e-01 -9.488472938537597656e-01
-2.560963928699493408e-01 9.847561120986938477e-01 -6.650338768959045410e-01
4.739429652690887451e-01 9.003933072090148926e-01 -6.650337576866149902e-01
-4.711839258670806885e-01 5.960490107536315918e-01 9.488472938537597656e-01
2.538352012634277344e-01 7.161398530006408691e-01 9.488472938537597656e-01
-9.280813336372375488e-01 5.391607880592346191e-01 8.608892560005187988e-01
-8.385087847709655762e-01 -1.303779333829879761e-01 8.916487097740173340e-01
9.280812144279479980e-01 -5.391608476638793945e-01 8.608893752098083496e-01
8.385086655616760254e-01 1.303779482841491699e-01 8.916488885879516602e-01
-9.280812144279479980e-01 -5.391608476638793945e-01 -8.608893752098083496e-01
-8.385086655616760254e-01 1.303779333829879761e-01 -8.916488289833068848e-01
9.280813336372375488e-01 5.391608476638793945e-01 -8.608892560005187988e-01
8.385087847709655762e-01 -1.303779333829879761e-01 -8.916487097740173340e-01
9.637498259544372559e-01 6.548972725868225098e-01 -3.957617282867431641e-01
8.544170260429382324e-01 -8.120365440845489502e-02 -5.477271676063537598e-01
8.653327822685241699e-01 7.803226113319396973e-01 3.957618772983551025e-01
8.544169068336486816e-01 8.120365440845489502e-02 5.477272868156433105e-01
-9.637498259544372559e-01 6.548972725868225098e-01 3.957617282867431641e-01
-8.544170260429382324e-01 -8.120365440845489502e-02 5.477271676063537598e-01
-8.653327822685241699e-01 7.803226113319396973e-01 -3.957618772983551025e-01
-8.544169068336486816e-01 8.120365440845489502e-02 -5.477272868156433105e-01
-2.538351714611053467e-01 7.161399126052856445e-01 -9.488472938537597656e-01
-3.629538416862487793e-01 6.269042193889617920e-02 -9.886596202850341797e-01
4.711839556694030762e-01 5.960491299629211426e-01 -9.488472938537597656e-01
3.629540503025054932e-01 -6.269042193889617920e-02 -9.886596202850341797e-01
-2.538352906703948975e-01 -7.161399126052856445e-01 9.488473534584045410e-01
-3.629540205001831055e-01 -6.269042193889617920e-02 9.886596202850341797e-01
4.711838364601135254e-01 -5.960491299629211426e-01 9.488474130630493164e-01
3.629538714885711670e-01 6.269042193889617920e-02 9.886596202850341797e-01
6.265802681446075439e-02 -3.634961545467376709e-01 9.867142438888549805e-01
-6.265816837549209595e-02 3.634961545467376709e-01 9.867141842842102051e-01
-5.921333432197570801e-01 -4.758549034595489502e-01 9.571730494499206543e-01
-7.146840691566467285e-01 2.574616372585296631e-01 9.571730494499206543e-01
6.265816837549209595e-02 3.634961545467376709e-01 -9.867141842842102051e-01
-6.265801936388015747e-02 -3.634961545467376709e-01 -9.867141842842102051e-01
-5.921332240104675293e-01 4.758549034595489502e-01 -9.571731090545654297e-01
-7.146840095520019531e-01 -2.574616372585296631e-01 -9.571731686592102051e-01
-8.582670092582702637e-01 5.477272272109985352e-01 -6.964632603967402247e-08
-8.582670688629150391e-01 -5.477272272109985352e-01 -6.955409048714500386e-08
-9.587209820747375488e-01 2.789267599582672119e-01 7.192951440811157227e-01
-8.604809641838073730e-01 -5.064766407012939453e-01 7.192950844764709473e-01
8.582670092582702637e-01 5.477272272109985352e-01 6.570331834154785611e-08
8.582670092582702637e-01 -5.477272272109985352e-01 5.926577983927927562e-08
9.587209820747375488e-01 2.789267599582672119e-01 -7.192951440811157227e-01
8.604809641838073730e-01 -5.064766407012939453e-01 -7.192950844764709473e-01
8.604809641838073730e-01 5.064767003059387207e-01 7.192952036857604980e-01
9.587209820747375488e-01 -2.789267599582672119e-01 7.192952036857604980e-01
-8.604809641838073730e-01 5.064767003059387207e-01 -7.192952632904052734e-01
-9.587209820747375488e-01 -2.789267301559448242e-01 -7.192952632904052734e-01
7.146840691566467285e-01 2.574616372585296631e-01 -9.571730494499206543e-01
5.921333432197570801e-01 -4.758549034595489502e-01 -9.571729898452758789e-01
7.146839499473571777e-01 -2.574616372585296631e-01 9.571731686592102051e-01
5.921332240104675293e-01 4.758549034595489502e-01 9.571731090545654297e-01
-6.857128143310546875e-01 -2.782189249992370605e-01 -3.151750564575195312e-01
6.857128143310546875e-01 -2.782189249992370605e-01 3.151750564575195312e-01
6.513603925704956055e-01 3.511943221092224121e-01 3.151750564575195312e-01
6.857128143310546875e-01 2.782189249992370605e-01 -3.151749372482299805e-01
6.513603925704956055e-01 -3.511943519115447998e-01 -3.151749372482299805e-01
-1.346186362206935883e-02 -2.786837220191955566e-01 -2.790086865425109863e-01
-6.513603925704956055e-01 -3.511943221092224121e-01 3.151749372482299805e-01
1.346185430884361267e-02 -2.786837220191955566e-01 2.790086865425109863e-01
-6.857128143310546875e-01 2.782189249992370605e-01 3.151749372482299805e-01
-1.346190646290779114e-02 2.786837220191955566e-01 2.790086865425109863e-01
-6.513603925704956055e-01 3.511943221092224121e-01 -3.151750564575195312e-01
1.346189714968204498e-02 2.786837220191955566e-01 -2.790086865425109863e-01
-3.687011301517486572e-01 2.550435066223144531e-02 -3.992175161838531494e-01
3.687011897563934326e-01 -2.550434879958629608e-02 -3.992174565792083740e-01
-3.695822358131408691e-01 3.992174863815307617e-01 -2.454394731898901227e-08
3.695822358131408691e-01 3.992174863815307617e-01 2.836072710010739684e-08
-3.695822358131408691e-01 -3.992175161838531494e-01 -2.739475846169625584e-08
3.695822358131408691e-01 -3.992175161838531494e-01 2.720157610269779980e-08
-3.687011897563934326e-01 -2.550435066223144531e-02 3.992174863815307617e-01
3.687011301517486572e-01 2.550434879958629608e-02 3.992175459861755371e-01
5.443190932273864746e-01 7.622845172882080078e-01 9.282454848289489746e-01
7.614614963531494141e-01 8.463818430900573730e-01 -6.654433608055114746e-01
5.443192124366760254e-01 -7.622845172882080078e-01 -9.282453656196594238e-01
7.614613771438598633e-01 -8.463818430900573730e-01 6.654434800148010254e-01
-9.846296906471252441e-01 -5.788739919662475586e-01 -6.923838257789611816e-01
9.846296906471252441e-01 -5.788739919662475586e-01 6.923838257789611816e-01
8.191580176353454590e-01 -7.959715723991394043e-01 -6.923836469650268555e-01
9.148701429367065430e-01 -7.444776296615600586e-01 6.825576548408207600e-08
-8.191580176353454590e-01 -7.959716320037841797e-01 6.923835873603820801e-01
-9.148701429367065430e-01 -7.444776296615600586e-01 -7.065683149676260655e-08
5.482143759727478027e-01 -9.978209733963012695e-01 -6.654434800148010254e-01
6.632104516029357910e-01 -9.637641906738281250e-01 4.845757928251259727e-08
5.482142567634582520e-01 9.978210926055908203e-01 6.654435396194458008e-01
6.632104516029357910e-01 9.637641906738281250e-01 5.232538313748591463e-08
-6.632103919982910156e-01 9.637641906738281250e-01 -5.072471864764338534e-08
-1.557225126624928180e-09 9.937446117401123047e-01 9.217727692245603066e-10
-7.614615559577941895e-01 8.463819026947021484e-01 6.654433608055114746e-01
-1.093939319252967834e-01 9.465704560279846191e-01 6.650875210762023926e-01
-6.632103919982910156e-01 -9.637641906738281250e-01 -5.038866746076564596e-08
-1.557224904580323255e-09 -9.937444925308227539e-01 -9.217729912691652316e-10
-7.614614367485046387e-01 -8.463819026947021484e-01 -6.654434800148010254e-01
-1.093938127160072327e-01 -9.465704560279846191e-01 -6.650874614715576172e-01
-5.482144355773925781e-01 -9.978210330009460449e-01 6.654433608055114746e-01
1.093938052654266357e-01 -9.465703964233398438e-01 6.650874614715576172e-01
-7.571206688880920410e-01 -5.514793395996093750e-01 -9.282454848289489746e-01
-1.091396734118461609e-01 -6.560715436935424805e-01 -9.528706669807434082e-01
-5.482142567634582520e-01 9.978210330009460449e-01 -6.654435992240905762e-01
1.093939095735549927e-01 9.465703964233398438e-01 -6.650874614715576172e-01
-7.571207284927368164e-01 5.514792203903198242e-01 9.282453656196594238e-01
-1.091398224234580994e-01 6.560715436935424805e-01 9.528706669807434082e-01
1.091396808624267578e-01 -6.560715436935424805e-01 9.528707265853881836e-01
-7.323976092266093474e-08 -6.139405428484678851e-09 9.937446117401123047e-01
-5.443192720413208008e-01 -7.622845172882080078e-01 9.282453656196594238e-01
-6.540136933326721191e-01 -1.100644394755363464e-01 9.637641310691833496e-01
1.091398224234580994e-01 6.560715436935424805e-01 -9.528706073760986328e-01
7.572021587520794128e-08 -1.457544640537378200e-10 -9.937446117401123047e-01
-5.443191528320312500e-01 7.622845172882080078e-01 -9.282454848289489746e-01
-6.540135741233825684e-01 1.100644394755363464e-01 -9.637642502784729004e-01
-9.148701429367065430e-01 7.444776296615600586e-01 -7.524072742626231047e-08
6.662459969520568848e-01 5.044903233647346497e-02 4.368691742420196533e-01
-9.846296906471252441e-01 5.788738727569580078e-01 6.923835873603820801e-01
-9.072930216789245605e-01 -1.175029352307319641e-01 7.444775700569152832e-01
9.148701429367065430e-01 7.444776296615600586e-01 7.436866411580922431e-08
6.681533455848693848e-01 -4.368691444396972656e-01 4.874621595263306517e-08
9.846296906471252441e-01 5.788739323616027832e-01 -6.923835873603820801e-01
9.072930216789245605e-01 -1.175029352307319641e-01 -7.444775700569152832e-01
8.191580176353454590e-01 7.959715127944946289e-01 6.923837065696716309e-01
9.072928428649902344e-01 1.175029277801513672e-01 7.444776892662048340e-01
-8.191580176353454590e-01 7.959715127944946289e-01 -6.923837065696716309e-01
-9.072928428649902344e-01 1.175029277801513672e-01 -7.444776892662048340e-01
7.571207880973815918e-01 5.514793395996093750e-01 -9.282453656196594238e-01
6.540137529373168945e-01 -1.100644469261169434e-01 -9.637641310691833496e-01
7.571206688880920410e-01 -5.514793395996093750e-01 9.282456040382385254e-01
6.540136337280273438e-01 1.100644469261169434e-01 9.637642502784729004e-01
6.681533455848693848e-01 4.368691146373748779e-01 5.119762391814219882e-08
6.662461161613464355e-01 -5.044903978705406189e-02 -4.368690550327301025e-01
-6.662459969520568848e-01 5.044903606176376343e-02 -4.368691742420196533e-01
2.743493965340348950e-08 2.364728635129154100e-09 -3.917726278305053711e-01
-6.681533455848693848e-01 4.368691444396972656e-01 -5.206381459288422775e-08
-2.506401974855521075e-09 3.917726278305053711e-01 3.070451670694751556e-09
-6.681533455848693848e-01 -4.368691146373748779e-01 -5.404026026667452243e-08
-2.248370378765685018e-09 -3.917726576328277588e-01 7.366924847929112730e-10
-6.662461161613464355e-01 -5.044903606176376343e-02 4.368690848350524902e-01
-3.186293540125006984e-08 -2.749711014438105394e-10 3.917726576328277588e-01
4.351083636283874512e-01 6.149711012840270996e-01 9.652459621429443359e-01
6.768013238906860352e-01 6.548382043838500977e-01 9.235786795616149902e-01
6.354987025260925293e-01 8.791361451148986816e-01 8.845845460891723633e-01
4.008232355117797852e-01 8.505043983459472656e-01 9.114215970039367676e-01
6.180636882781982422e-01 9.121104478836059570e-01 -5.340977311134338379e-01
8.549772500991821289e-01 8.476778864860534668e-01 -5.388200283050537109e-01
8.730834722518920898e-01 7.752318978309631348e-01 -7.719905972480773926e-01
6.467686295509338379e-01 8.322511911392211914e-01 -7.770165205001831055e-01
4.351084828376770020e-01 -6.149711012840270996e-01 -9.652458429336547852e-01
6.768014430999755859e-01 -6.548382043838500977e-01 -9.235785603523254395e-01
6.354988217353820801e-01 -8.791361451148986816e-01 -8.845844268798828125e-01
4.008233547210693359e-01 -8.505043983459472656e-01 -9.114214777946472168e-01
6.180635690689086914e-01 -9.121104478836059570e-01 5.340978503227233887e-01
8.549771308898925781e-01 -8.476778864860534668e-01 5.388201475143432617e-01
8.730833530426025391e-01 -7.752318978309631348e-01 7.719907164573669434e-01
6.467685103416442871e-01 -8.322511911392211914e-01 7.770166397094726562e-01
-9.761008620262145996e-01 -4.832587242126464844e-01 -5.783389806747436523e-01
-9.669018983840942383e-01 -4.226183891296386719e-01 -8.094530701637268066e-01
-9.687523841857910156e-01 -6.585077643394470215e-01 -7.833519577980041504e-01
-9.717164039611816406e-01 -7.198567390441894531e-01 -5.534377694129943848e-01
9.761008620262145996e-01 -4.832587242126464844e-01 5.783389806747436523e-01
9.669018983840942383e-01 -4.226183891296386719e-01 8.094530701637268066e-01
9.687523841857910156e-01 -6.585077643394470215e-01 7.833518385887145996e-01
9.717164039611816406e-01 -7.198567390441894531e-01 5.534377694129943848e-01
8.124088644981384277e-01 -6.734222173690795898e-01 -8.094528317451477051e-01
8.605671525001525879e-01 -6.676346659660339355e-01 -5.783388614654541016e-01
8.169540166854858398e-01 -8.916347026824951172e-01 -5.534376502037048340e-01
7.570857405662536621e-01 -8.938316702842712402e-01 -7.833518385887145996e-01
8.855457305908203125e-01 -6.631267070770263672e-01 -2.143291980028152466e-01
9.322421550750732422e-01 -5.956952571868896484e-01 2.143293172121047974e-01
9.302937388420104980e-01 -7.963151931762695312e-01 2.019684165716171265e-01
8.724220991134643555e-01 -8.593276739120483398e-01 -2.019682973623275757e-01
-8.124088644981384277e-01 -6.734222173690795898e-01 8.094528317451477051e-01
-8.605671525001525879e-01 -6.676346659660339355e-01 5.783388614654541016e-01
-8.169540762901306152e-01 -8.916347026824951172e-01 5.534376502037048340e-01
-7.570857405662536621e-01 -8.938315510749816895e-01 7.833518385887145996e-01
-8.855457305908203125e-01 -6.631267070770263672e-01 2.143291980028152466e-01
-9.322421550750732422e-01 -5.956952571868896484e-01 -2.143293321132659912e-01
-9.302937388420104980e-01 -7.963151931762695312e-01 -2.019684314727783203e-01
-8.724220991134643555e-01 -8.593276739120483398e-01 2.019682824611663818e-01
4.024763405323028564e-01 -9.741480350494384766e-01 -7.770165801048278809e-01
6.375088095664978027e-01 -9.781829118728637695e-01 -7.719907164573669434e-01
6.830449700355529785e-01 -9.914602637290954590e-01 -5.388201475143432617e-01
4.399449527263641357e-01 -1.010146856307983398e+00 -5.340977311134338379e-01
4.992833733558654785e-01 -9.975571036338806152e-01 -1.922382414340972900e-01
7.432985305786132812e-01 -9.628827571868896484e-01 -1.950137317180633545e-01
8.065271377563476562e-01 -9.105767011642456055e-01 1.950138509273529053e-01
5.644813179969787598e-01 -9.621667265892028809e-01 1.922383308410644531e-01
4.024762213230133057e-01 9.741480350494384766e-01 7.770167589187622070e-01
6.375086903572082520e-01 9.781829118728637695e-01 7.719908356666564941e-01
6.830448508262634277e-01 9.914603829383850098e-01 5.388202667236328125e-01
4.399448931217193604e-01 1.010146856307983398e+00 5.340978503227233887e-01
4.992833733558654785e-01 9.975572228431701660e-01 1.922383308410644531e-01
7.432985901832580566e-01 9.628828167915344238e-01 1.950138509273529053e-01
8.065271377563476562e-01 9.105767011642456055e-01 -1.950137317180633545e-01
5.644813179969787598e-01 9.621667265892028809e-01 -1.922382414340972900e-01
-8.065271973609924316e-01 9.105767011642456055e-01 1.950137317180633545e-01
-5.644813179969787598e-01 9.621668457984924316e-01 1.922382414340972900e-01
-4.992833733558654785e-01 9.975572228431701660e-01 -1.922383308410644531e-01
-7.432985305786132812e-01 9.628828167915344238e-01 -1.950138509273529053e-01
-2.240125238895416260e-01 9.852622151374816895e-01 1.915315389633178711e-01
1.582763940095901489e-01 9.979338049888610840e-01 1.915315687656402588e-01
2.240125089883804321e-01 9.852622151374816895e-01 -1.915315240621566772e-01
-1.582764089107513428e-01 9.979338049888610840e-01 -1.915315538644790649e-01
-8.730834722518920898e-01 7.752321362495422363e-01 7.719905972480773926e-01
-6.467686295509338379e-01 8.322511315345764160e-01 7.770165205001831055e-01
-6.180636882781982422e-01 9.121104478836059570e-01 5.340977311134338379e-01
-8.549773097038269043e-01 8.476780056953430176e-01 5.388200879096984863e-01
-3.125140070915222168e-01 8.845371007919311523e-01 7.789003252983093262e-01
6.573046743869781494e-02 9.358153343200683594e-01 7.789003252983093262e-01
1.003933101892471313e-01 9.894999861717224121e-01 5.331505537033081055e-01
-2.801868021488189697e-01 9.542979001998901367e-01 5.331505537033081055e-01
-8.065271973609924316e-01 -9.105767011642456055e-01 -1.950138658285140991e-01
-5.644813179969787598e-01 -9.621668457984924316e-01 -1.922383308410644531e-01
-4.992833733558654785e-01 -9.975572228431701660e-01 1.922382414340972900e-01
-7.432985305786132812e-01 -9.628827571868896484e-01 1.950137317180633545e-01
-2.240124940872192383e-01 -9.852622151374816895e-01 -1.915315687656402588e-01
1.582764238119125366e-01 -9.979338049888610840e-01 -1.915315389633178711e-01
2.240124791860580444e-01 -9.852621555328369141e-01 1.915315538644790649e-01
-1.582764387130737305e-01 -9.979338049888610840e-01 1.915315240621566772e-01
-8.730834126472473145e-01 -7.752319574356079102e-01 -7.719908356666564941e-01
-6.467685103416442871e-01 -8.322511315345764160e-01 -7.770166397094726562e-01
-6.180635690689086914e-01 -9.121103286743164062e-01 -5.340978503227233887e-01
-8.549771904945373535e-01 -8.476780056953430176e-01 -5.388202667236328125e-01
-3.125138878822326660e-01 -8.845371007919311523e-01 -7.789003252983093262e-01
6.573058664798736572e-02 -9.358153343200683594e-01 -7.789003252983093262e-01
1.003933921456336975e-01 -9.894999265670776367e-01 -5.331505537033081055e-01
-2.801867425441741943e-01 -9.542979001998901367e-01 -5.331505537033081055e-01
-6.830449700355529785e-01 -9.914603829383850098e-01 5.388200879096984863e-01
-4.399449527263641357e-01 -1.010146737098693848e+00 5.340976715087890625e-01
-4.024763405323028564e-01 -9.741480946540832520e-01 7.770165205001831055e-01
-6.375088691711425781e-01 -9.781829714775085449e-01 7.719905972480773926e-01
-1.003933772444725037e-01 -9.895000457763671875e-01 5.331505537033081055e-01
2.801867425441741943e-01 -9.542979001998901367e-01 5.331505537033081055e-01
3.125138580799102783e-01 -8.845371007919311523e-01 7.789002656936645508e-01
-6.573060154914855957e-02 -9.358153343200683594e-01 7.789002656936645508e-01
-8.482512831687927246e-01 -4.090759456157684326e-01 -9.235786795616149902e-01
-6.126529574394226074e-01 -4.383662939071655273e-01 -9.652460217475891113e-01
-6.448388695716857910e-01 -6.842514276504516602e-01 -9.114215970039367676e-01
-8.708539605140686035e-01 -6.468017697334289551e-01 -8.845844864845275879e-01
-2.779815793037414551e-01 -4.934529662132263184e-01 -9.760476350784301758e-01
9.878747910261154175e-02 -5.576832890510559082e-01 -9.760474562644958496e-01
6.520227342844009399e-02 -7.992864847183227539e-01 -9.185022115707397461e-01
-3.116936087608337402e-01 -7.388892173767089844e-01 -9.185022115707397461e-01
-6.830448508262634277e-01 9.914603829383850098e-01 -5.388202667236328125e-01
-4.399448931217193604e-01 1.010146737098693848e+00 -5.340977907180786133e-01
-4.024762213230133057e-01 9.741480946540832520e-01 -7.770166397094726562e-01
-6.375086903572082520e-01 9.781829118728637695e-01 -7.719908356666564941e-01
-1.003933027386665344e-01 9.895000457763671875e-01 -5.331505537033081055e-01
2.801868021488189697e-01 9.542979001998901367e-01 -5.331505537033081055e-01
3.125139772891998291e-01 8.845371007919311523e-01 -7.789002060890197754e-01
-6.573048233985900879e-02 9.358153343200683594e-01 -7.789002656936645508e-01
-8.482514023780822754e-01 4.090758264064788818e-01 9.235785603523254395e-01
-6.126530766487121582e-01 4.383662939071655273e-01 9.652459025382995605e-01
-6.448389887809753418e-01 6.842513680458068848e-01 9.114214777946472168e-01
-8.708540797233581543e-01 6.468016505241394043e-01 8.845843672752380371e-01
-2.779816985130310059e-01 4.934529662132263184e-01 9.760476350784301758e-01
9.878733009099960327e-02 5.576832890510559082e-01 9.760474562644958496e-01
6.520213931798934937e-02 7.992864847183227539e-01 9.185022115707397461e-01
-3.116937279701232910e-01 7.388892173767089844e-01 9.185022115707397461e-01
-6.520226597785949707e-02 -7.992865443229675293e-01 9.185022115707397461e-01
3.116936087608337402e-01 -7.388892769813537598e-01 9.185022115707397461e-01
2.779815495014190674e-01 -4.934529662132263184e-01 9.760475158691406250e-01
-9.878744930028915405e-02 -5.576832890510559082e-01 9.760475158691406250e-01
-1.557264626026153564e-01 -2.213819622993469238e-01 9.921425580978393555e-01
2.211520969867706299e-01 -1.560525596141815186e-01 9.921425580978393555e-01
1.557263284921646118e-01 2.213819473981857300e-01 9.921425580978393555e-01
-2.211522758007049561e-01 1.560525298118591309e-01 9.921426177024841309e-01
-6.354988217353820801e-01 -8.791362643241882324e-01 8.845844864845275879e-01
-4.008233845233917236e-01 -8.505043983459472656e-01 9.114213585853576660e-01
-4.351084828376770020e-01 -6.149711012840270996e-01 9.652459621429443359e-01
-6.768015027046203613e-01 -6.548383235931396484e-01 9.235786795616149902e-01
-7.337022423744201660e-01 -3.176246285438537598e-01 9.372630119323730469e-01
-4.920916557312011719e-01 -2.793086767196655273e-01 9.804039597511291504e-01
-5.569894313812255859e-01 9.965107589960098267e-02 9.804040789604187012e-01
-7.966660261154174805e-01 6.728717684745788574e-02 9.372630119323730469e-01
-6.520213186740875244e-02 7.992865443229675293e-01 -9.185022115707397461e-01
3.116937279701232910e-01 7.388892769813537598e-01 -9.185021519660949707e-01
2.779816687107086182e-01 4.934529662132263184e-01 -9.760475158691406250e-01
-9.878730028867721558e-02 5.576832890510559082e-01 -9.760475158691406250e-01
-1.557263135910034180e-01 2.213819622993469238e-01 -9.921425580978393555e-01
2.211522459983825684e-01 1.560525596141815186e-01 -9.921425580978393555e-01
1.557264626026153564e-01 -2.213819622993469238e-01 -9.921425580978393555e-01
-2.211521267890930176e-01 -1.560525596141815186e-01 -9.921426177024841309e-01
-6.354987025260925293e-01 8.791361451148986816e-01 -8.845846056938171387e-01
-4.008232653141021729e-01 8.505043983459472656e-01 -9.114214777946472168e-01
-4.351083636283874512e-01 6.149711012840270996e-01 -9.652459621429443359e-01
-6.768013834953308105e-01 6.548383235931396484e-01 -9.235787987709045410e-01
-7.337021231651306152e-01 3.176245987415313721e-01 -9.372631311416625977e-01
-4.920915365219116211e-01 2.793086767196655273e-01 -9.804040789604187012e-01
-5.569893121719360352e-01 -9.965107589960098267e-02 -9.804041981697082520e-01
-7.966659665107727051e-01 -6.728716194629669189e-02 -9.372631311416625977e-01
-9.302937984466552734e-01 7.963151931762695312e-01 2.019682526588439941e-01
-8.724222183227539062e-01 8.593276739120483398e-01 -2.019684165716171265e-01
-8.855457305908203125e-01 6.631267070770263672e-01 -2.143293321132659912e-01
-9.322421550750732422e-01 5.956952571868896484e-01 2.143291682004928589e-01
5.447234511375427246e-01 -1.273581236600875854e-01 3.894594311714172363e-01
5.226756930351257324e-01 1.993835419416427612e-01 3.894594311714172363e-01
7.673834562301635742e-01 2.571895122528076172e-01 4.552960991859436035e-01
7.982292175292968750e-01 -1.336185634136199951e-01 4.552960395812988281e-01
-9.687525033950805664e-01 6.585078239440917969e-01 7.833517193794250488e-01
-9.717164635658264160e-01 7.198567390441894531e-01 5.534375905990600586e-01
-9.761008620262145996e-01 4.832586646080017090e-01 5.783388614654541016e-01
-9.669019579887390137e-01 4.226182699203491211e-01 8.094528913497924805e-01
-9.215070605278015137e-01 7.109825313091278076e-02 8.283269405364990234e-01
-9.274326562881469727e-01 1.141519099473953247e-01 6.298438310623168945e-01
-8.808178901672363281e-01 -3.119644522666931152e-01 6.298438310623168945e-01
-8.638216257095336914e-01 -3.286982476711273193e-01 8.283269405364990234e-01
9.302937388420104980e-01 7.963151931762695312e-01 -2.019682526588439941e-01
8.724222183227539062e-01 8.593276739120483398e-01 2.019684165716171265e-01
8.855457305908203125e-01 6.631267070770263672e-01 2.143293023109436035e-01
9.322421550750732422e-01 5.956952571868896484e-01 -2.143291682004928589e-01
5.236678123474121094e-01 -4.044536054134368896e-01 -1.637422889471054077e-01
5.457292795181274414e-01 -3.741527497768402100e-01 1.637423783540725708e-01
8.002253174781799316e-01 -4.284123182296752930e-01 1.960117816925048828e-01
7.693535685539245605e-01 -4.816562831401824951e-01 -1.960116624832153320e-01
9.687525033950805664e-01 6.585078835487365723e-01 -7.833517193794250488e-01
9.717164039611816406e-01 7.198567390441894531e-01 -5.534375905990600586e-01
9.761008620262145996e-01 4.832586646080017090e-01 -5.783388614654541016e-01
9.669019579887390137e-01 4.226182699203491211e-01 -8.094528913497924805e-01
9.215070605278015137e-01 7.109825313091278076e-02 -8.283269405364990234e-01
9.274326562881469727e-01 1.141518950462341309e-01 -6.298438310623168945e-01
8.808178901672363281e-01 -3.119644522666931152e-01 -6.298438310623168945e-01
8.638216257095336914e-01 -3.286982774734497070e-01 -8.283269405364990234e-01
8.169540166854858398e-01 8.916348218917846680e-01 5.534377098083496094e-01
7.570857405662536621e-01 8.938316106796264648e-01 7.833518385887145996e-01
8.124088644981384277e-01 6.734222173690795898e-01 8.094530105590820312e-01
8.605671525001525879e-01 6.676346659660339355e-01 5.783389806747436523e-01
8.808177709579467773e-01 3.119645118713378906e-01 6.298438906669616699e-01
8.638215065002441406e-01 3.286982476711273193e-01 8.283270597457885742e-01
9.215069413185119629e-01 -7.109826803207397461e-02 8.283270597457885742e-01
9.274325370788574219e-01 -1.141518801450729370e-01 6.298439502716064453e-01
-8.169539570808410645e-01 8.916347622871398926e-01 -5.534377098083496094e-01
-7.570856809616088867e-01 8.938315510749816895e-01 -7.833518385887145996e-01
-8.124088644981384277e-01 6.734221577644348145e-01 -8.094530105590820312e-01
-8.605671525001525879e-01 6.676346659660339355e-01 -5.783389806747436523e-01
-8.808177709579467773e-01 3.119645118713378906e-01 -6.298439502716064453e-01
-8.638215065002441406e-01 3.286982476711273193e-01 -8.283270597457885742e-01
-9.215070009231567383e-01 -7.109825313091278076e-02 -8.283270597457885742e-01
-9.274325370788574219e-01 -1.141518726944923401e-01 -6.298440098762512207e-01
6.448389291763305664e-01 6.842515468597412109e-01 -9.114213585853576660e-01
8.708540797233581543e-01 6.468017697334289551e-01 -8.845844864845275879e-01
8.482514023780822754e-01 4.090759456157684326e-01 -9.235785603523254395e-01
6.126530766487121582e-01 4.383663535118103027e-01 -9.652459621429443359e-01
5.569894313812255859e-01 9.965108335018157959e-02 -9.804039597511291504e-01
7.966660261154174805e-01 6.728717684745788574e-02 -9.372630119323730469e-01
7.337021827697753906e-01 -3.176245987415313721e-01 -9.372630119323730469e-01
4.920916557312011719e-01 -2.793086767196655273e-01 -9.804039597511291504e-01
6.448388099670410156e-01 -6.842515468597412109e-01 9.114214777946472168e-01
8.708539605140686035e-01 -6.468017697334289551e-01 8.845846056938171387e-01
8.482512831687927246e-01 -4.090759158134460449e-01 9.235787987709045410e-01
6.126529574394226074e-01 -4.383663535118103027e-01 9.652460813522338867e-01
5.569893121719360352e-01 -9.965108335018157959e-02 9.804040789604187012e-01
7.966659069061279297e-01 -6.728717684745788574e-02 9.372631907463073730e-01
7.337020635604858398e-01 3.176245987415313721e-01 9.372631311416625977e-01
4.920915365219116211e-01 2.793086767196655273e-01 9.804040789604187012e-01
5.236678123474121094e-01 4.044535756111145020e-01 1.637423783540725708e-01
5.457292795181274414e-01 3.741527199745178223e-01 -1.637422889471054077e-01
8.002253174781799316e-01 4.284122884273529053e-01 -1.960116624832153320e-01
7.693535685539245605e-01 4.816562235355377197e-01 1.960117816925048828e-01
5.447234511375427246e-01 1.273581236600875854e-01 -3.894593715667724609e-01
5.226756930351257324e-01 -1.993835568428039551e-01 -3.894593715667724609e-01
7.673835754394531250e-01 -2.571895420551300049e-01 -4.552960097789764404e-01
7.982293367385864258e-01 1.336185336112976074e-01 -4.552959203720092773e-01
-7.673835158348083496e-01 2.571895122528076172e-01 -4.552961289882659912e-01
-7.982292771339416504e-01 -1.336185336112976074e-01 -4.552960991859436035e-01
-5.447234511375427246e-01 -1.273581385612487793e-01 -3.894594311714172363e-01
-5.226756930351257324e-01 1.993835568428039551e-01 -3.894594609737396240e-01
-1.812424063682556152e-01 1.682622134685516357e-01 -3.727961778640747070e-01
-2.013800442218780518e-01 -1.435515582561492920e-01 -3.727962076663970947e-01
1.812424361705780029e-01 -1.682621836662292480e-01 -3.727961778640747070e-01
2.013800740242004395e-01 1.435515582561492920e-01 -3.727961480617523193e-01
-8.002253770828247070e-01 4.284122884273529053e-01 1.960116624832153320e-01
-7.693536281585693359e-01 4.816562831401824951e-01 -1.960117965936660767e-01
-5.236678123474121094e-01 4.044535756111145020e-01 -1.637423932552337646e-01
-5.457292795181274414e-01 3.741527497768402100e-01 1.637423038482666016e-01
-2.017143964767456055e-01 3.674792051315307617e-01 1.562316864728927612e-01
-1.815652251243591309e-01 3.778408765792846680e-01 -1.562316864728927612e-01
2.017143666744232178e-01 3.674792051315307617e-01 -1.562316566705703735e-01
1.815651953220367432e-01 3.778408765792846680e-01 1.562316864728927612e-01
-8.002253770828247070e-01 -4.284122884273529053e-01 -1.960118114948272705e-01
-7.693536281585693359e-01 -4.816562831401824951e-01 1.960116624832153320e-01
-5.236678123474121094e-01 -4.044535756111145020e-01 1.637423038482666016e-01
-5.457292795181274414e-01 -3.741527199745178223e-01 -1.637423932552337646e-01
-2.017143666744232178e-01 -3.674792051315307617e-01 -1.562316864728927612e-01
-1.815652549266815186e-01 -3.778408765792846680e-01 1.562316566705703735e-01
2.017143368721008301e-01 -3.674792051315307617e-01 1.562316864728927612e-01
1.815652251243591309e-01 -3.778408765792846680e-01 -1.562316566705703735e-01
-7.673836350440979004e-01 -2.571895122528076172e-01 4.552959799766540527e-01
-7.982293963432312012e-01 1.336185336112976074e-01 4.552959799766540527e-01
-5.447234511375427246e-01 1.273581385612487793e-01 3.894593715667724609e-01
-5.226756930351257324e-01 -1.993835568428039551e-01 3.894594013690948486e-01
-1.812424659729003906e-01 -1.682621836662292480e-01 3.727961778640747070e-01
-2.013801038265228271e-01 1.435515582561492920e-01 3.727961480617523193e-01
1.812423765659332275e-01 1.682621836662292480e-01 3.727961778640747070e-01
2.013800144195556641e-01 -1.435515582561492920e-01 3.727962076663970947e-01
