-7.883643507957458496e-01 -7.883643507957458496e-01 -7.883643507957458496e-01
-7.883643507957458496e-01 -7.883643507957458496e-01 7.883643507957458496e-01
-7.883643507957458496e-01 7.883643507957458496e-01 -7.883643507957458496e-01
-7.883643507957458496e-01 7.883643507957458496e-01 7.883643507957458496e-01
7.883643507957458496e-01 -7.883643507957458496e-01 -7.883643507957458496e-01
7.883643507957458496e-01 -7.883643507957458496e-01 7.883643507957458496e-01
7.883643507957458496e-01 7.883643507957458496e-01 -7.883643507957458496e-01
7.883643507957458496e-01 7.883643507957458496e-01 7.883643507957458496e-01
-8.209089040756225586e-01 -8.209089040756225586e-01 -6.900599002838134766e-01
-8.510779142379760742e-01 -8.510779142379760742e-01 -5.328014492988586426e-01
-8.714023828506469727e-01 -8.714024424552917480e-01 -3.385571539402008057e-01
-8.812988400459289551e-01 -8.812988996505737305e-01 -1.159962192177772522e-01
-8.812988400459289551e-01 -8.812988996505737305e-01 1.159962713718414307e-01
-8.714024424552917480e-01 -8.714025020599365234e-01 3.385572135448455811e-01
-8.510779142379760742e-01 -8.510779738426208496e-01 5.328014492988586426e-01
-8.209089040756225586e-01 -8.209089040756225586e-01 6.900599598884582520e-01
-8.209089040756225586e-01 8.209089040756225586e-01 6.900599598884582520e-01
-8.510779142379760742e-01 8.510778546333312988e-01 5.328014492988586426e-01
-8.714024424552917480e-01 8.714023828506469727e-01 3.385571539402008057e-01
-8.812988400459289551e-01 8.812988400459289551e-01 1.159962192177772522e-01
-8.812988996505737305e-01 8.812988996505737305e-01 -1.159962713718414307e-01
-8.714024424552917480e-01 8.714024424552917480e-01 -3.385572135448455811e-01
-8.510779142379760742e-01 8.510779142379760742e-01 -5.328014492988586426e-01
-8.209089040756225586e-01 8.209089040756225586e-01 -6.900599002838134766e-01
8.209087848663330078e-01 8.209089040756225586e-01 6.900599598884582520e-01
8.510778546333312988e-01 8.510778546333312988e-01 5.328014492988586426e-01
8.714023828506469727e-01 8.714023828506469727e-01 3.385571539402008057e-01
8.812988400459289551e-01 8.812988400459289551e-01 1.159962117671966553e-01
8.812988996505737305e-01 8.812988400459289551e-01 -1.159962788224220276e-01
8.714024424552917480e-01 8.714024424552917480e-01 -3.385572135448455811e-01
8.510779142379760742e-01 8.510779142379760742e-01 -5.328014492988586426e-01
8.209089040756225586e-01 8.209089040756225586e-01 -6.900599002838134766e-01
8.209089040756225586e-01 -8.209089040756225586e-01 6.900599598884582520e-01
8.510779142379760742e-01 -8.510779142379760742e-01 5.328014492988586426e-01
8.714023828506469727e-01 -8.714024424552917480e-01 3.385571539402008057e-01
8.812988400459289551e-01 -8.812988996505737305e-01 1.159962192177772522e-01
8.812988996505737305e-01 -8.812988996505737305e-01 -1.159962713718414307e-01
8.714024424552917480e-01 -8.714025020599365234e-01 -3.385572135448455811e-01
8.510779142379760742e-01 -8.510779738426208496e-01 -5.328014492988586426e-01
8.209089040756225586e-01 -8.209089040756225586e-01 -6.900599002838134766e-01
6.900599002838134766e-01 8.209089040756225586e-01 -8.209089040756225586e-01
5.328013896942138672e-01 8.510779142379760742e-01 -8.510779142379760742e-01
3.385571539402008057e-01 8.714024424552917480e-01 -8.714024424552917480e-01
1.159962117671966553e-01 8.812988996505737305e-01 -8.812988996505737305e-01
-1.159962713718414307e-01 8.812988996505737305e-01 -8.812989592552185059e-01
-3.385571539402008057e-01 8.714024424552917480e-01 -8.714025020599365234e-01
-5.328013896942138672e-01 8.510779142379760742e-01 -8.510779738426208496e-01
-6.900599002838134766e-01 8.209089040756225586e-01 -8.209089040756225586e-01
-6.900599598884582520e-01 8.209089040756225586e-01 8.209089040756225586e-01
-5.328014492988586426e-01 8.510779142379760742e-01 8.510779738426208496e-01
-3.385572135448455811e-01 8.714024424552917480e-01 8.714024424552917480e-01
-1.159962266683578491e-01 8.812988996505737305e-01 8.812988996505737305e-01
1.159962639212608337e-01 8.812989592552185059e-01 8.812989592552185059e-01
3.385572135448455811e-01 8.714025020599365234e-01 8.714025616645812988e-01
5.328013896942138672e-01 8.510779142379760742e-01 8.510779738426208496e-01
6.900599002838134766e-01 8.209089040756225586e-01 8.209089040756225586e-01
-6.900599002838134766e-01 -8.209089040756225586e-01 -8.209089040756225586e-01
-5.328014492988586426e-01 -8.510779738426208496e-01 -8.510779738426208496e-01
-3.385572433471679688e-01 -8.714026212692260742e-01 -8.714025616645812988e-01
-1.159962415695190430e-01 -8.812989592552185059e-01 -8.812989592552185059e-01
1.159962490200996399e-01 -8.812989592552185059e-01 -8.812989592552185059e-01
3.385571539402008057e-01 -8.714025020599365234e-01 -8.714025020599365234e-01
5.328013896942138672e-01 -8.510779142379760742e-01 -8.510779738426208496e-01
6.900599002838134766e-01 -8.209089040756225586e-01 -8.209089040756225586e-01
6.900599002838134766e-01 -8.209089040756225586e-01 8.209089040756225586e-01
5.328014492988586426e-01 -8.510779142379760742e-01 8.510779142379760742e-01
3.385571539402008057e-01 -8.714024424552917480e-01 8.714024424552917480e-01
1.159962192177772522e-01 -8.812988996505737305e-01 8.812988996505737305e-01
-1.159962713718414307e-01 -8.812988996505737305e-01 8.812989592552185059e-01
-3.385572135448455811e-01 -8.714025020599365234e-01 8.714025020599365234e-01
-5.328014492988586426e-01 -8.510779738426208496e-01 8.510779738426208496e-01
-6.900599002838134766e-01 -8.209089040756225586e-01 8.209089040756225586e-01
6.998405456542968750e-01 -8.993939161300659180e-01 -6.998405456542968750e-01
5.360189676284790039e-01 -9.543412327766418457e-01 -7.130396366119384766e-01
3.430520296096801758e-01 -9.849240183830261230e-01 -7.244710326194763184e-01
1.174164712429046631e-01 -9.974595308303833008e-01 -7.317765951156616211e-01
-1.174165382981300354e-01 -9.974595904350280762e-01 -7.317766547203063965e-01
-3.430520892143249512e-01 -9.849240779876708984e-01 -7.244710922241210938e-01
-5.360190272331237793e-01 -9.543412327766418457e-01 -7.130396366119384766e-01
-6.998405456542968750e-01 -8.993939161300659180e-01 -6.998405456542968750e-01
7.130396366119384766e-01 -9.543412327766418457e-01 -5.360190272331237793e-01
5.380142927169799805e-01 -1.034889578819274902e+00 -5.380142927169799805e-01
3.608485758304595947e-01 -1.070238471031188965e+00 -5.435944199562072754e-01
1.214308068156242371e-01 -1.080625057220458984e+00 -5.518866181373596191e-01
-1.214308515191078186e-01 -1.080625057220458984e+00 -5.518866181373596191e-01
-3.608485758304595947e-01 -1.070238590240478516e+00 -5.435944199562072754e-01
-5.380142927169799805e-01 -1.034889578819274902e+00 -5.380142927169799805e-01
-7.130396366119384766e-01 -9.543412327766418457e-01 -5.360190272331237793e-01
7.244710326194763184e-01 -9.849240183830261230e-01 -3.430520594120025635e-01
5.435944199562072754e-01 -1.070238471031188965e+00 -3.608485758304595947e-01
3.631418347358703613e-01 -1.111973047256469727e+00 -3.631418347358703613e-01
1.222207844257354736e-01 -1.128913044929504395e+00 -3.512085676193237305e-01
-1.222208216786384583e-01 -1.128913044929504395e+00 -3.512085974216461182e-01
-3.631418347358703613e-01 -1.111973166465759277e+00 -3.631418645381927490e-01
-5.435943603515625000e-01 -1.070238471031188965e+00 -3.608485460281372070e-01
-7.244709730148315430e-01 -9.849240183830261230e-01 -3.430520594120025635e-01
7.317765951156616211e-01 -9.974595308303833008e-01 -1.174165233969688416e-01
5.518866181373596191e-01 -1.080625057220458984e+00 -1.214308366179466248e-01
3.512085974216461182e-01 -1.128913044929504395e+00 -1.222207993268966675e-01
1.199498623609542847e-01 -1.150262355804443359e+00 -1.199498698115348816e-01
-1.199498921632766724e-01 -1.150262355804443359e+00 -1.199498772621154785e-01
-3.512085974216461182e-01 -1.128913164138793945e+00 -1.222208142280578613e-01
-5.518865585327148438e-01 -1.080625057220458984e+00 -1.214308142662048340e-01
-7.317765355110168457e-01 -9.974595308303833008e-01 -1.174164712429046631e-01
7.317765951156616211e-01 -9.974595308303833008e-01 1.174164861440658569e-01
5.518866777420043945e-01 -1.080625176429748535e+00 1.214308291673660278e-01
3.512085974216461182e-01 -1.128913044929504395e+00 1.222207993268966675e-01
1.199498698115348816e-01 -1.150262355804443359e+00 1.199498847126960754e-01
-1.199498772621154785e-01 -1.150262355804443359e+00 1.199498847126960754e-01
-3.512085676193237305e-01 -1.128913044929504395e+00 1.222208142280578613e-01
-5.518865585327148438e-01 -1.080625057220458984e+00 1.214308440685272217e-01
-7.317765355110168457e-01 -9.974595308303833008e-01 1.174165308475494385e-01
7.244710326194763184e-01 -9.849240183830261230e-01 3.430520594120025635e-01
5.435944199562072754e-01 -1.070238590240478516e+00 3.608485758304595947e-01
3.631418347358703613e-01 -1.111973047256469727e+00 3.631418347358703613e-01
1.222207918763160706e-01 -1.128913044929504395e+00 3.512085974216461182e-01
-1.222208067774772644e-01 -1.128913044929504395e+00 3.512085974216461182e-01
-3.631418049335479736e-01 -1.111973047256469727e+00 3.631418645381927490e-01
-5.435943603515625000e-01 -1.070238471031188965e+00 3.608485758304595947e-01
-7.244710326194763184e-01 -9.849240183830261230e-01 3.430520892143249512e-01
7.130396366119384766e-01 -9.543412327766418457e-01 5.360190272331237793e-01
5.380143523216247559e-01 -1.034889698028564453e+00 5.380143523216247559e-01
3.608485758304595947e-01 -1.070238471031188965e+00 5.435944199562072754e-01
1.214308142662048340e-01 -1.080625057220458984e+00 5.518866181373596191e-01
-1.214308440685272217e-01 -1.080625057220458984e+00 5.518866777420043945e-01
-3.608485758304595947e-01 -1.070238590240478516e+00 5.435944795608520508e-01
-5.380142331123352051e-01 -1.034889578819274902e+00 5.380143523216247559e-01
-7.130396366119384766e-01 -9.543412327766418457e-01 5.360190272331237793e-01
6.998405456542968750e-01 -8.993939161300659180e-01 6.998405456542968750e-01
5.360190272331237793e-01 -9.543412327766418457e-01 7.130396366119384766e-01
3.430520594120025635e-01 -9.849240183830261230e-01 7.244710326194763184e-01
1.174164786934852600e-01 -9.974595308303833008e-01 7.317765951156616211e-01
-1.174165233969688416e-01 -9.974595308303833008e-01 7.317766547203063965e-01
-3.430520594120025635e-01 -9.849240779876708984e-01 7.244711518287658691e-01
-5.360189676284790039e-01 -9.543412327766418457e-01 7.130396962165832520e-01
-6.998405456542968750e-01 -8.993939161300659180e-01 6.998406052589416504e-01
-6.998405456542968750e-01 8.993938565254211426e-01 -6.998405456542968750e-01
-5.360189676284790039e-01 9.543411731719970703e-01 -7.130396366119384766e-01
-3.430520296096801758e-01 9.849238991737365723e-01 -7.244710326194763184e-01
-1.174164786934852600e-01 9.974594712257385254e-01 -7.317765951156616211e-01
1.174165084958076477e-01 9.974594712257385254e-01 -7.317766547203063965e-01
3.430520296096801758e-01 9.849239587783813477e-01 -7.244710922241210938e-01
5.360189676284790039e-01 9.543411731719970703e-01 -7.130396366119384766e-01
6.998405456542968750e-01 8.993938565254211426e-01 -6.998405456542968750e-01
-7.130396366119384766e-01 9.543411731719970703e-01 -5.360189676284790039e-01
-5.380142927169799805e-01 1.034889459609985352e+00 -5.380142331123352051e-01
-3.608485460281372070e-01 1.070238351821899414e+00 -5.435943603515625000e-01
-1.214308068156242371e-01 1.080624938011169434e+00 -5.518866181373596191e-01
1.214308366179466248e-01 1.080624938011169434e+00 -5.518866181373596191e-01
3.608485460281372070e-01 1.070238351821899414e+00 -5.435944199562072754e-01
5.380142927169799805e-01 1.034889578819274902e+00 -5.380142927169799805e-01
7.130396366119384766e-01 9.543411731719970703e-01 -5.360190272331237793e-01
-7.244710326194763184e-01 9.849239587783813477e-01 -3.430520594120025635e-01
-5.435943603515625000e-01 1.070238471031188965e+00 -3.608485460281372070e-01
-3.631418049335479736e-01 1.111972808837890625e+00 -3.631418049335479736e-01
-1.222207844257354736e-01 1.128912806510925293e+00 -3.512085676193237305e-01
1.222208067774772644e-01 1.128912806510925293e+00 -3.512085676193237305e-01
3.631418347358703613e-01 1.111972928047180176e+00 -3.631418645381927490e-01
5.435943603515625000e-01 1.070238351821899414e+00 -3.608485758304595947e-01
7.244710326194763184e-01 9.849239587783813477e-01 -3.430520892143249512e-01
-7.317765951156616211e-01 9.974594712257385254e-01 -1.174165233969688416e-01
-5.518866181373596191e-01 1.080624938011169434e+00 -1.214308291673660278e-01
-3.512085676193237305e-01 1.128912806510925293e+00 -1.222207918763160706e-01
-1.199498698115348816e-01 1.150262117385864258e+00 -1.199498698115348816e-01
1.199498698115348816e-01 1.150262117385864258e+00 -1.199498772621154785e-01
3.512085378170013428e-01 1.128912806510925293e+00 -1.222208142280578613e-01
5.518865585327148438e-01 1.080624938011169434e+00 -1.214308440685272217e-01
7.317765951156616211e-01 9.974594712257385254e-01 -1.174165308475494385e-01
-7.317765951156616211e-01 9.974594116210937500e-01 1.174164786934852600e-01
-5.518866181373596191e-01 1.080624938011169434e+00 1.214308142662048340e-01
-3.512085974216461182e-01 1.128912925720214844e+00 1.222207918763160706e-01
-1.199498772621154785e-01 1.150262117385864258e+00 1.199498772621154785e-01
1.199498623609542847e-01 1.150262117385864258e+00 1.199498772621154785e-01
3.512085378170013428e-01 1.128912806510925293e+00 1.222207993268966675e-01
5.518865585327148438e-01 1.080624938011169434e+00 1.214308068156242371e-01
7.317765355110168457e-01 9.974594116210937500e-01 1.174164712429046631e-01
-7.244710326194763184e-01 9.849238991737365723e-01 3.430520594120025635e-01
-5.435944199562072754e-01 1.070238351821899414e+00 3.608485758304595947e-01
-3.631418347358703613e-01 1.111972928047180176e+00 3.631418347358703613e-01
-1.222207993268966675e-01 1.128912925720214844e+00 3.512085974216461182e-01
1.222207918763160706e-01 1.128912925720214844e+00 3.512085974216461182e-01
3.631418049335479736e-01 1.111972928047180176e+00 3.631418645381927490e-01
5.435943007469177246e-01 1.070238351821899414e+00 3.608485758304595947e-01
7.244709730148315430e-01 9.849238991737365723e-01 3.430520594120025635e-01
-7.130396366119384766e-01 9.543411731719970703e-01 5.360190272331237793e-01
-5.380143523216247559e-01 1.034889578819274902e+00 5.380143523216247559e-01
-3.608485758304595947e-01 1.070238471031188965e+00 5.435944199562072754e-01
-1.214308142662048340e-01 1.080624938011169434e+00 5.518866181373596191e-01
1.214308366179466248e-01 1.080625057220458984e+00 5.518866777420043945e-01
3.608485758304595947e-01 1.070238590240478516e+00 5.435944795608520508e-01
5.380142331123352051e-01 1.034889578819274902e+00 5.380143523216247559e-01
7.130395770072937012e-01 9.543411135673522949e-01 5.360190272331237793e-01
-6.998405456542968750e-01 8.993938565254211426e-01 6.998405456542968750e-01
-5.360190272331237793e-01 9.543411731719970703e-01 7.130396366119384766e-01
-3.430520594120025635e-01 9.849239587783813477e-01 7.244710326194763184e-01
-1.174164861440658569e-01 9.974594712257385254e-01 7.317765951156616211e-01
1.174165233969688416e-01 9.974595308303833008e-01 7.317766547203063965e-01
3.430520594120025635e-01 9.849240183830261230e-01 7.244711518287658691e-01
5.360189676284790039e-01 9.543411731719970703e-01 7.130396962165832520e-01
6.998405456542968750e-01 8.993938565254211426e-01 6.998406052589416504e-01
-8.209089040756225586e-01 6.900599002838134766e-01 -8.209089040756225586e-01
-8.510779142379760742e-01 5.328013896942138672e-01 -8.510779142379760742e-01
-8.714024424552917480e-01 3.385571539402008057e-01 -8.714024424552917480e-01
-8.812988996505737305e-01 1.159962117671966553e-01 -8.812988996505737305e-01
-8.812989592552185059e-01 -1.159962713718414307e-01 -8.812989592552185059e-01
-8.714025020599365234e-01 -3.385572135448455811e-01 -8.714025020599365234e-01
-8.510779142379760742e-01 -5.328014492988586426e-01 -8.510779738426208496e-01
-8.209089040756225586e-01 -6.900599002838134766e-01 -8.209089040756225586e-01
-8.209089040756225586e-01 -6.900599002838134766e-01 8.209089040756225586e-01
-8.510779142379760742e-01 -5.328013896942138672e-01 8.510779738426208496e-01
-8.714024424552917480e-01 -3.385571539402008057e-01 8.714025020599365234e-01
-8.812988996505737305e-01 -1.159962043166160583e-01 8.812989592552185059e-01
-8.812989592552185059e-01 1.159962862730026245e-01 8.812989592552185059e-01
-8.714025020599365234e-01 3.385572135448455811e-01 8.714025020599365234e-01
-8.510779738426208496e-01 5.328014492988586426e-01 8.510779738426208496e-01
-8.209089040756225586e-01 6.900599598884582520e-01 8.209089040756225586e-01
8.209089040756225586e-01 -6.900599002838134766e-01 -8.209089040756225586e-01
8.510779142379760742e-01 -5.328013896942138672e-01 -8.510779738426208496e-01
8.714024424552917480e-01 -3.385571539402008057e-01 -8.714025020599365234e-01
8.812988996505737305e-01 -1.159962266683578491e-01 -8.812989592552185059e-01
8.812988996505737305e-01 1.159962564706802368e-01 -8.812989592552185059e-01
8.714024424552917480e-01 3.385571539402008057e-01 -8.714025020599365234e-01
8.510779142379760742e-01 5.328013896942138672e-01 -8.510779142379760742e-01
8.209089040756225586e-01 6.900599002838134766e-01 -8.209089040756225586e-01
8.209087848663330078e-01 6.900599002838134766e-01 8.209089040756225586e-01
8.510778546333312988e-01 5.328013896942138672e-01 8.510779142379760742e-01
8.714023828506469727e-01 3.385571539402008057e-01 8.714024424552917480e-01
8.812988400459289551e-01 1.159962043166160583e-01 8.812988996505737305e-01
8.812988996505737305e-01 -1.159962862730026245e-01 8.812989592552185059e-01
8.714025020599365234e-01 -3.385572135448455811e-01 8.714025616645812988e-01
8.510779142379760742e-01 -5.328014492988586426e-01 8.510779738426208496e-01
8.209089040756225586e-01 -6.900599002838134766e-01 8.209089040756225586e-01
8.993938565254211426e-01 6.998405456542968750e-01 -6.998405456542968750e-01
9.543411731719970703e-01 5.360189676284790039e-01 -7.130396366119384766e-01
9.849238991737365723e-01 3.430520296096801758e-01 -7.244710326194763184e-01
9.974594712257385254e-01 1.174164712429046631e-01 -7.317765951156616211e-01
9.974594712257385254e-01 -1.174165159463882446e-01 -7.317766547203063965e-01
9.849239587783813477e-01 -3.430520594120025635e-01 -7.244710922241210938e-01
9.543411731719970703e-01 -5.360189676284790039e-01 -7.130396366119384766e-01
8.993938565254211426e-01 -6.998405456542968750e-01 -6.998405456542968750e-01
9.543411731719970703e-01 7.130396366119384766e-01 -5.360190272331237793e-01
1.034889459609985352e+00 5.380142331123352051e-01 -5.380142927169799805e-01
1.070238351821899414e+00 3.608485460281372070e-01 -5.435944199562072754e-01
1.080624938011169434e+00 1.214307993650436401e-01 -5.518866181373596191e-01
1.080624938011169434e+00 -1.214308440685272217e-01 -5.518866181373596191e-01
1.070238351821899414e+00 -3.608485758304595947e-01 -5.435944199562072754e-01
1.034889578819274902e+00 -5.380142927169799805e-01 -5.380142927169799805e-01
9.543411731719970703e-01 -7.130396366119384766e-01 -5.360190272331237793e-01
9.849239587783813477e-01 7.244710326194763184e-01 -3.430520892143249512e-01
1.070238471031188965e+00 5.435943603515625000e-01 -3.608485758304595947e-01
1.111972808837890625e+00 3.631418049335479736e-01 -3.631418347358703613e-01
1.128912806510925293e+00 1.222207695245742798e-01 -3.512085676193237305e-01
1.128912806510925293e+00 -1.222208216786384583e-01 -3.512085974216461182e-01
1.111972928047180176e+00 -3.631418347358703613e-01 -3.631418645381927490e-01
1.070238351821899414e+00 -5.435943603515625000e-01 -3.608485758304595947e-01
9.849239587783813477e-01 -7.244710922241210938e-01 -3.430520594120025635e-01
9.974594712257385254e-01 7.317765951156616211e-01 -1.174165308475494385e-01
1.080624938011169434e+00 5.518865585327148438e-01 -1.214308515191078186e-01
1.128912806510925293e+00 3.512085378170013428e-01 -1.222208142280578613e-01
1.150262117385864258e+00 1.199498400092124939e-01 -1.199498772621154785e-01
1.150262117385864258e+00 -1.199498921632766724e-01 -1.199498921632766724e-01
1.128912806510925293e+00 -3.512085676193237305e-01 -1.222208216786384583e-01
1.080624938011169434e+00 -5.518866181373596191e-01 -1.214308440685272217e-01
9.974594712257385254e-01 -7.317765951156616211e-01 -1.174165308475494385e-01
9.974594116210937500e-01 7.317765355110168457e-01 1.174164637923240662e-01
1.080624938011169434e+00 5.518865585327148438e-01 1.214307993650436401e-01
1.128912806510925293e+00 3.512085378170013428e-01 1.222207769751548767e-01
1.150262117385864258e+00 1.199498474597930908e-01 1.199498623609542847e-01
1.150262117385864258e+00 -1.199498847126960754e-01 1.199498623609542847e-01
1.128912806510925293e+00 -3.512085676193237305e-01 1.222207918763160706e-01
1.080624938011169434e+00 -5.518865585327148438e-01 1.214308068156242371e-01
9.974594116210937500e-01 -7.317765951156616211e-01 1.174164712429046631e-01
9.849238991737365723e-01 7.244709730148315430e-01 3.430520296096801758e-01
1.070238351821899414e+00 5.435943603515625000e-01 3.608485460281372070e-01
1.111972808837890625e+00 3.631418049335479736e-01 3.631418049335479736e-01
1.128912925720214844e+00 1.222207695245742798e-01 3.512085676193237305e-01
1.128912925720214844e+00 -1.222208216786384583e-01 3.512085974216461182e-01
1.111972928047180176e+00 -3.631418347358703613e-01 3.631418645381927490e-01
1.070238351821899414e+00 -5.435943603515625000e-01 3.608485758304595947e-01
9.849238991737365723e-01 -7.244710326194763184e-01 3.430520594120025635e-01
9.543411135673522949e-01 7.130395770072937012e-01 5.360189676284790039e-01
1.034889459609985352e+00 5.380142331123352051e-01 5.380142331123352051e-01
1.070238351821899414e+00 3.608485460281372070e-01 5.435943603515625000e-01
1.080624938011169434e+00 1.214307844638824463e-01 5.518866181373596191e-01
1.080624938011169434e+00 -1.214308589696884155e-01 5.518866777420043945e-01
1.070238471031188965e+00 -3.608486056327819824e-01 5.435944795608520508e-01
1.034889578819274902e+00 -5.380142927169799805e-01 5.380143523216247559e-01
9.543411731719970703e-01 -7.130396366119384766e-01 5.360190272331237793e-01
8.993937969207763672e-01 6.998405456542968750e-01 6.998405456542968750e-01
9.543411135673522949e-01 5.360189676284790039e-01 7.130396366119384766e-01
9.849238991737365723e-01 3.430520296096801758e-01 7.244710326194763184e-01
9.974594116210937500e-01 1.174164563417434692e-01 7.317765951156616211e-01
9.974594712257385254e-01 -1.174165382981300354e-01 7.317766547203063965e-01
9.849240183830261230e-01 -3.430520892143249512e-01 7.244711518287658691e-01
9.543411731719970703e-01 -5.360190272331237793e-01 7.130396962165832520e-01
8.993938565254211426e-01 -6.998405456542968750e-01 6.998406052589416504e-01
-8.993938565254211426e-01 -6.998405456542968750e-01 -6.998405456542968750e-01
-9.543412327766418457e-01 -5.360189676284790039e-01 -7.130396366119384766e-01
-9.849240183830261230e-01 -3.430520594120025635e-01 -7.244710922241210938e-01
-9.974595308303833008e-01 -1.174164861440658569e-01 -7.317765951156616211e-01
-9.974595308303833008e-01 1.174165084958076477e-01 -7.317766547203063965e-01
-9.849240183830261230e-01 3.430520296096801758e-01 -7.244710922241210938e-01
-9.543412327766418457e-01 5.360189676284790039e-01 -7.130396366119384766e-01
-8.993939161300659180e-01 6.998405456542968750e-01 -6.998405456542968750e-01
-9.543411731719970703e-01 -7.130396366119384766e-01 -5.360190272331237793e-01
-1.034889578819274902e+00 -5.380142927169799805e-01 -5.380142927169799805e-01
-1.070238471031188965e+00 -3.608485758304595947e-01 -5.435944199562072754e-01
-1.080625057220458984e+00 -1.214308142662048340e-01 -5.518866181373596191e-01
-1.080625057220458984e+00 1.214308366179466248e-01 -5.518866181373596191e-01
-1.070238471031188965e+00 3.608485460281372070e-01 -5.435944199562072754e-01
-1.034889578819274902e+00 5.380142927169799805e-01 -5.380142927169799805e-01
-9.543412327766418457e-01 7.130396366119384766e-01 -5.360190272331237793e-01
-9.849239587783813477e-01 -7.244710326194763184e-01 -3.430520594120025635e-01
-1.070238471031188965e+00 -5.435944199562072754e-01 -3.608485758304595947e-01
-1.111972928047180176e+00 -3.631418347358703613e-01 -3.631418645381927490e-01
-1.128912925720214844e+00 -1.222207918763160706e-01 -3.512085974216461182e-01
-1.128912925720214844e+00 1.222208142280578613e-01 -3.512085974216461182e-01
-1.111973047256469727e+00 3.631418347358703613e-01 -3.631418645381927490e-01
-1.070238471031188965e+00 5.435943603515625000e-01 -3.608485758304595947e-01
-9.849240183830261230e-01 7.244710326194763184e-01 -3.430520594120025635e-01
-9.974594712257385254e-01 -7.317765951156616211e-01 -1.174164861440658569e-01
-1.080624938011169434e+00 -5.518866181373596191e-01 -1.214308217167854309e-01
-1.128912925720214844e+00 -3.512085974216461182e-01 -1.222208067774772644e-01
-1.150262236595153809e+00 -1.199498698115348816e-01 -1.199498921632766724e-01
-1.150262236595153809e+00 1.199498772621154785e-01 -1.199498847126960754e-01
-1.128912925720214844e+00 3.512085676193237305e-01 -1.222208142280578613e-01
-1.080625057220458984e+00 5.518865585327148438e-01 -1.214308440685272217e-01
-9.974595308303833008e-01 7.317765951156616211e-01 -1.174165233969688416e-01
-9.974594712257385254e-01 -7.317765951156616211e-01 1.174165159463882446e-01
-1.080624938011169434e+00 -5.518866181373596191e-01 1.214308291673660278e-01
-1.128912925720214844e+00 -3.512085676193237305e-01 1.222207844257354736e-01
-1.150262236595153809e+00 -1.199498623609542847e-01 1.199498623609542847e-01
-1.150262236595153809e+00 1.199498772621154785e-01 1.199498698115348816e-01
-1.128912925720214844e+00 3.512085378170013428e-01 1.222207993268966675e-01
-1.080624938011169434e+00 5.518865585327148438e-01 1.214308068156242371e-01
-9.974594712257385254e-01 7.317765355110168457e-01 1.174164712429046631e-01
-9.849239587783813477e-01 -7.244710922241210938e-01 3.430520594120025635e-01
-1.070238351821899414e+00 -5.435944199562072754e-01 3.608485460281372070e-01
-1.111972808837890625e+00 -3.631418049335479736e-01 3.631417751312255859e-01
-1.128912925720214844e+00 -1.222207769751548767e-01 3.512085676193237305e-01
-1.128912925720214844e+00 1.222208142280578613e-01 3.512085676193237305e-01
-1.111973047256469727e+00 3.631418049335479736e-01 3.631418645381927490e-01
-1.070238471031188965e+00 5.435943007469177246e-01 3.608485460281372070e-01
-9.849239587783813477e-01 7.244709730148315430e-01 3.430520594120025635e-01
-9.543411731719970703e-01 -7.130396366119384766e-01 5.360189676284790039e-01
-1.034889459609985352e+00 -5.380142927169799805e-01 5.380142331123352051e-01
-1.070238351821899414e+00 -3.608485460281372070e-01 5.435943603515625000e-01
-1.080624938011169434e+00 -1.214307919144630432e-01 5.518866181373596191e-01
-1.080625057220458984e+00 1.214308515191078186e-01 5.518866181373596191e-01
-1.070238590240478516e+00 3.608485758304595947e-01 5.435944795608520508e-01
-1.034889578819274902e+00 5.380142331123352051e-01 5.380142927169799805e-01
-9.543411731719970703e-01 7.130395770072937012e-01 5.360190272331237793e-01
-8.993938565254211426e-01 -6.998405456542968750e-01 6.998405456542968750e-01
-9.543411731719970703e-01 -5.360189676284790039e-01 7.130396366119384766e-01
-9.849239587783813477e-01 -3.430520296096801758e-01 7.244710326194763184e-01
-9.974594712257385254e-01 -1.174164637923240662e-01 7.317765951156616211e-01
-9.974595308303833008e-01 1.174165382981300354e-01 7.317766547203063965e-01
-9.849240779876708984e-01 3.430520594120025635e-01 7.244711518287658691e-01
-9.543412327766418457e-01 5.360189676284790039e-01 7.130396962165832520e-01
-8.993938565254211426e-01 6.998405456542968750e-01 6.998406052589416504e-01
6.998405456542968750e-01 6.998405456542968750e-01 8.993939161300659180e-01
7.130395770072937012e-01 5.360189676284790039e-01 9.543412327766418457e-01
7.244709730148315430e-01 3.430520296096801758e-01 9.849240183830261230e-01
7.317765355110168457e-01 1.174164637923240662e-01 9.974595308303833008e-01
7.317765951156616211e-01 -1.174165382981300354e-01 9.974595904350280762e-01
7.244710922241210938e-01 -3.430520892143249512e-01 9.849240779876708984e-01
7.130396366119384766e-01 -5.360190272331237793e-01 9.543412327766418457e-01
6.998405456542968750e-01 -6.998405456542968750e-01 8.993939161300659180e-01
5.360189676284790039e-01 7.130396366119384766e-01 9.543412327766418457e-01
5.380142927169799805e-01 5.380142927169799805e-01 1.034889578819274902e+00
5.435943603515625000e-01 3.608485758304595947e-01 1.070238471031188965e+00
5.518865585327148438e-01 1.214308068156242371e-01 1.080625057220458984e+00
5.518866181373596191e-01 -1.214308515191078186e-01 1.080625057220458984e+00
5.435944199562072754e-01 -3.608485758304595947e-01 1.070238590240478516e+00
5.380142927169799805e-01 -5.380142927169799805e-01 1.034889578819274902e+00
5.360190272331237793e-01 -7.130396366119384766e-01 9.543412327766418457e-01
3.430520594120025635e-01 7.244710922241210938e-01 9.849240779876708984e-01
3.608485758304595947e-01 5.435944199562072754e-01 1.070238471031188965e+00
3.631418049335479736e-01 3.631418347358703613e-01 1.111973047256469727e+00
3.512085676193237305e-01 1.222207844257354736e-01 1.128913044929504395e+00
3.512085974216461182e-01 -1.222208216786384583e-01 1.128913044929504395e+00
3.631418645381927490e-01 -3.631418347358703613e-01 1.111973166465759277e+00
3.608485460281372070e-01 -5.435943603515625000e-01 1.070238471031188965e+00
3.430520594120025635e-01 -7.244710326194763184e-01 9.849240183830261230e-01
1.174165159463882446e-01 7.317766547203063965e-01 9.974595904350280762e-01
1.214308291673660278e-01 5.518866181373596191e-01 1.080625057220458984e+00
1.222207918763160706e-01 3.512085974216461182e-01 1.128913044929504395e+00
1.199498698115348816e-01 1.199498698115348816e-01 1.150262355804443359e+00
1.199498772621154785e-01 -1.199498921632766724e-01 1.150262355804443359e+00
1.222208142280578613e-01 -3.512085974216461182e-01 1.128913164138793945e+00
1.214308142662048340e-01 -5.518866181373596191e-01 1.080625057220458984e+00
1.174164712429046631e-01 -7.317765951156616211e-01 9.974595308303833008e-01
-1.174164935946464539e-01 7.317766547203063965e-01 9.974595308303833008e-01
-1.214308440685272217e-01 5.518866777420043945e-01 1.080625176429748535e+00
-1.222208142280578613e-01 3.512086272239685059e-01 1.128913044929504395e+00
-1.199498921632766724e-01 1.199498772621154785e-01 1.150262355804443359e+00
-1.199498921632766724e-01 -1.199498847126960754e-01 1.150262355804443359e+00
-1.222208142280578613e-01 -3.512085974216461182e-01 1.128913044929504395e+00
-1.214308440685272217e-01 -5.518866181373596191e-01 1.080625057220458984e+00
-1.174165308475494385e-01 -7.317765951156616211e-01 9.974595904350280762e-01
-3.430520892143249512e-01 7.244710922241210938e-01 9.849240183830261230e-01
-3.608486056327819824e-01 5.435944199562072754e-01 1.070238590240478516e+00
-3.631418645381927490e-01 3.631418645381927490e-01 1.111973047256469727e+00
-3.512085974216461182e-01 1.222208067774772644e-01 1.128913044929504395e+00
-3.512086272239685059e-01 -1.222208067774772644e-01 1.128913044929504395e+00
-3.631418645381927490e-01 -3.631418347358703613e-01 1.111973047256469727e+00
-3.608485758304595947e-01 -5.435943603515625000e-01 1.070238471031188965e+00
-3.430520892143249512e-01 -7.244710922241210938e-01 9.849240183830261230e-01
-5.360190272331237793e-01 7.130396962165832520e-01 9.543412327766418457e-01
-5.380143523216247559e-01 5.380143523216247559e-01 1.034889698028564453e+00
-5.435944199562072754e-01 3.608486056327819824e-01 1.070238471031188965e+00
-5.518866181373596191e-01 1.214308291673660278e-01 1.080625057220458984e+00
-5.518866777420043945e-01 -1.214308366179466248e-01 1.080625057220458984e+00
-5.435944795608520508e-01 -3.608485758304595947e-01 1.070238590240478516e+00
-5.380142927169799805e-01 -5.380142927169799805e-01 1.034889578819274902e+00
-5.360190272331237793e-01 -7.130396366119384766e-01 9.543412327766418457e-01
-6.998406052589416504e-01 6.998406052589416504e-01 8.993939161300659180e-01
-7.130396962165832520e-01 5.360190272331237793e-01 9.543412327766418457e-01
-7.244710922241210938e-01 3.430520892143249512e-01 9.849240183830261230e-01
-7.317766547203063965e-01 1.174165010452270508e-01 9.974595308303833008e-01
-7.317766547203063965e-01 -1.174165010452270508e-01 9.974595904350280762e-01
-7.244710922241210938e-01 -3.430520296096801758e-01 9.849240779876708984e-01
-7.130396366119384766e-01 -5.360189676284790039e-01 9.543412327766418457e-01
-6.998405456542968750e-01 -6.998405456542968750e-01 8.993939161300659180e-01
-6.998405456542968750e-01 6.998405456542968750e-01 -8.993939161300659180e-01
-7.130396366119384766e-01 5.360189676284790039e-01 -9.543412327766418457e-01
-7.244710326194763184e-01 3.430520296096801758e-01 -9.849240183830261230e-01
-7.317765951156616211e-01 1.174164637923240662e-01 -9.974595308303833008e-01
-7.317766547203063965e-01 -1.174165382981300354e-01 -9.974595308303833008e-01
-7.244710922241210938e-01 -3.430520892143249512e-01 -9.849240183830261230e-01
-7.130396366119384766e-01 -5.360190272331237793e-01 -9.543412327766418457e-01
-6.998405456542968750e-01 -6.998405456542968750e-01 -8.993939161300659180e-01
-5.360189676284790039e-01 7.130396366119384766e-01 -9.543412327766418457e-01
-5.380142927169799805e-01 5.380142927169799805e-01 -1.034889578819274902e+00
-5.435944199562072754e-01 3.608485460281372070e-01 -1.070238471031188965e+00
-5.518866181373596191e-01 1.214307919144630432e-01 -1.080625057220458984e+00
-5.518866181373596191e-01 -1.214308664202690125e-01 -1.080625057220458984e+00
-5.435944199562072754e-01 -3.608486056327819824e-01 -1.070238590240478516e+00
-5.380142927169799805e-01 -5.380142927169799805e-01 -1.034889578819274902e+00
-5.360190272331237793e-01 -7.130396366119384766e-01 -9.543412327766418457e-01
-3.430520594120025635e-01 7.244710922241210938e-01 -9.849240183830261230e-01
-3.608485758304595947e-01 5.435944199562072754e-01 -1.070238471031188965e+00
-3.631418347358703613e-01 3.631418049335479736e-01 -1.111973047256469727e+00
-3.512085974216461182e-01 1.222207620739936829e-01 -1.128913044929504395e+00
-3.512085974216461182e-01 -1.222208440303802490e-01 -1.128913044929504395e+00
-3.631418645381927490e-01 -3.631418645381927490e-01 -1.111973166465759277e+00
-3.608485758304595947e-01 -5.435944199562072754e-01 -1.070238471031188965e+00
-3.430520892143249512e-01 -7.244710922241210938e-01 -9.849240183830261230e-01
-1.174165233969688416e-01 7.317765951156616211e-01 -9.974595904350280762e-01
-1.214308440685272217e-01 5.518866181373596191e-01 -1.080625057220458984e+00
-1.222208142280578613e-01 3.512085676193237305e-01 -1.128913044929504395e+00
-1.199498847126960754e-01 1.199498400092124939e-01 -1.150262355804443359e+00
-1.199498921632766724e-01 -1.199499219655990601e-01 -1.150262355804443359e+00
-1.222208216786384583e-01 -3.512086272239685059e-01 -1.128913164138793945e+00
-1.214308291673660278e-01 -5.518866181373596191e-01 -1.080625057220458984e+00
-1.174164935946464539e-01 -7.317766547203063965e-01 -9.974595904350280762e-01
1.174164712429046631e-01 7.317765951156616211e-01 -9.974595308303833008e-01
1.214308142662048340e-01 5.518866181373596191e-01 -1.080625057220458984e+00
1.222207844257354736e-01 3.512085676193237305e-01 -1.128913044929504395e+00
1.199498698115348816e-01 1.199498474597930908e-01 -1.150262355804443359e+00
1.199498698115348816e-01 -1.199499070644378662e-01 -1.150262355804443359e+00
1.222207918763160706e-01 -3.512085974216461182e-01 -1.128913044929504395e+00
1.214308217167854309e-01 -5.518866181373596191e-01 -1.080625057220458984e+00
1.174165084958076477e-01 -7.317766547203063965e-01 -9.974595904350280762e-01
3.430520296096801758e-01 7.244710326194763184e-01 -9.849239587783813477e-01
3.608485460281372070e-01 5.435943603515625000e-01 -1.070238471031188965e+00
3.631418049335479736e-01 3.631418049335479736e-01 -1.111972928047180176e+00
3.512085676193237305e-01 1.222207695245742798e-01 -1.128913044929504395e+00
3.512085676193237305e-01 -1.222208216786384583e-01 -1.128913044929504395e+00
3.631418347358703613e-01 -3.631418347358703613e-01 -1.111973047256469727e+00
3.608485460281372070e-01 -5.435943603515625000e-01 -1.070238471031188965e+00
3.430520296096801758e-01 -7.244710922241210938e-01 -9.849240183830261230e-01
5.360189676284790039e-01 7.130396366119384766e-01 -9.543411731719970703e-01
5.380142331123352051e-01 5.380142331123352051e-01 -1.034889459609985352e+00
5.435943603515625000e-01 3.608485460281372070e-01 -1.070238471031188965e+00
5.518866181373596191e-01 1.214307919144630432e-01 -1.080625057220458984e+00
5.518866181373596191e-01 -1.214308515191078186e-01 -1.080625057220458984e+00
5.435944199562072754e-01 -3.608485758304595947e-01 -1.070238590240478516e+00
5.380142927169799805e-01 -5.380142927169799805e-01 -1.034889578819274902e+00
5.360189676284790039e-01 -7.130396366119384766e-01 -9.543412327766418457e-01
6.998405456542968750e-01 6.998405456542968750e-01 -8.993938565254211426e-01
7.130396366119384766e-01 5.360189676284790039e-01 -9.543411731719970703e-01
7.244710326194763184e-01 3.430520296096801758e-01 -9.849239587783813477e-01
7.317765951156616211e-01 1.174164712429046631e-01 -9.974595308303833008e-01
7.317765951156616211e-01 -1.174165233969688416e-01 -9.974595904350280762e-01
7.244710922241210938e-01 -3.430520594120025635e-01 -9.849240779876708984e-01
7.130396366119384766e-01 -5.360189676284790039e-01 -9.543412327766418457e-01
6.998405456542968750e-01 -6.998405456542968750e-01 -8.993939161300659180e-01
4.576278924942016602e-01 -1.083407282829284668e+00 4.576278924942016602e-01
-4.576278328895568848e-01 -1.083407282829284668e+00 4.576279222965240479e-01
4.576279222965240479e-01 -1.083407282829284668e+00 -4.576279222965240479e-01
-4.576278626918792725e-01 -1.083407402038574219e+00 -4.576279222965240479e-01
4.576278626918792725e-01 4.576278626918792725e-01 -1.083407163619995117e+00
4.576278924942016602e-01 -4.576278328895568848e-01 -1.083407282829284668e+00
-4.576279222965240479e-01 4.576278924942016602e-01 -1.083407282829284668e+00
-4.576279520988464355e-01 -4.576279222965240479e-01 -1.083407402038574219e+00
-4.576278924942016602e-01 1.083407163619995117e+00 4.576278924942016602e-01
4.576278328895568848e-01 1.083407163619995117e+00 4.576279222965240479e-01
-4.576278924942016602e-01 1.083407163619995117e+00 -4.576278924942016602e-01
4.576278626918792725e-01 1.083407163619995117e+00 -4.576279520988464355e-01
1.083407163619995117e+00 4.576278626918792725e-01 4.576278626918792725e-01
1.083407163619995117e+00 -4.576278328895568848e-01 4.576279222965240479e-01
1.083407163619995117e+00 4.576278924942016602e-01 -4.576279222965240479e-01
1.083407163619995117e+00 -4.576278626918792725e-01 -4.576279520988464355e-01
-4.576279222965240479e-01 4.576279222965240479e-01 1.083407282829284668e+00
-4.576279222965240479e-01 -4.576278328895568848e-01 1.083407282829284668e+00
4.576278924942016602e-01 4.576279222965240479e-01 1.083407282829284668e+00
4.576279222965240479e-01 -4.576278626918792725e-01 1.083407402038574219e+00
-1.083407163619995117e+00 -4.576278626918792725e-01 4.576278626918792725e-01
-1.083407282829284668e+00 4.576278328895568848e-01 4.576279222965240479e-01
-1.083407282829284668e+00 -4.576279222965240479e-01 -4.576279520988464355e-01
-1.083407282829284668e+00 4.576278626918792725e-01 -4.576279520988464355e-01
