-1.000000238418579102e+00 -1.000000119209289551e+00 1.000000000000000000e+00
1.000000000000000000e+00 -1.000000119209289551e+00 1.000000238418579102e+00
-1.000000238418579102e+00 1.000000119209289551e+00 1.000000000000000000e+00
1.000000000000000000e+00 1.000000119209289551e+00 1.000000238418579102e+00
-1.000000000000000000e+00 -1.000000119209289551e+00 -1.000000238418579102e+00
1.000000238418579102e+00 -1.000000119209289551e+00 -1.000000000000000000e+00
-1.000000000000000000e+00 1.000000119209289551e+00 -1.000000238418579102e+00
1.000000238418579102e+00 1.000000119209289551e+00 -1.000000000000000000e+00
-1.000000119209289551e+00 1.000000119209289551e+00 -5.000000596046447754e-01
-1.000000119209289551e+00 1.000000119209289551e+00 4.999999105930328369e-01
1.000000119209289551e+00 1.000000119209289551e+00 5.000000596046447754e-01
1.000000119209289551e+00 1.000000119209289551e+00 -4.999999105930328369e-01
-1.000000119209289551e+00 -1.000000119209289551e+00 4.999999105930328369e-01
-1.000000119209289551e+00 -1.000000119209289551e+00 -5.000000596046447754e-01
1.000000119209289551e+00 -1.000000119209289551e+00 -4.999999105930328369e-01
1.000000119209289551e+00 -1.000000119209289551e+00 5.000000596046447754e-01
-5.000000596046447754e-01 -1.000000119209289551e+00 1.000000119209289551e+00
4.999999105930328369e-01 -1.000000119209289551e+00 1.000000119209289551e+00
4.999999105930328369e-01 1.000000119209289551e+00 1.000000119209289551e+00
-5.000000596046447754e-01 1.000000119209289551e+00 1.000000119209289551e+00
5.000000596046447754e-01 1.000000119209289551e+00 -1.000000119209289551e+00
-4.999999105930328369e-01 1.000000119209289551e+00 -1.000000119209289551e+00
5.000000596046447754e-01 -1.000000119209289551e+00 -1.000000119209289551e+00
-4.999999105930328369e-01 -1.000000119209289551e+00 -1.000000119209289551e+00
5.000000596046447754e-01 -1.000000119209289551e+00 -4.999999701976776123e-01
-4.999999701976776123e-01 -1.000000119209289551e+00 -5.000000596046447754e-01
4.999999701976776123e-01 -1.000000119209289551e+00 5.000000596046447754e-01
-5.000000596046447754e-01 -1.000000119209289551e+00 4.999999701976776123e-01
4.999999701976776123e-01 1.000000119209289551e+00 5.000000596046447754e-01
-5.000000596046447754e-01 1.000000119209289551e+00 4.999999701976776123e-01
5.000000596046447754e-01 1.000000119209289551e+00 -4.999999701976776123e-01
-4.999999701976776123e-01 1.000000119209289551e+00 -5.000000596046447754e-01
-1.000000238418579102e+00 5.000000000000000000e-01 1.000000000000000000e+00
-1.000000238418579102e+00 -5.000000000000000000e-01 1.000000000000000000e+00
1.000000000000000000e+00 -5.000000000000000000e-01 1.000000238418579102e+00
1.000000000000000000e+00 5.000000000000000000e-01 1.000000238418579102e+00
-1.000000000000000000e+00 -5.000000000000000000e-01 -1.000000238418579102e+00
-1.000000000000000000e+00 5.000000000000000000e-01 -1.000000238418579102e+00
1.000000238418579102e+00 5.000000000000000000e-01 -1.000000000000000000e+00
1.000000238418579102e+00 -5.000000000000000000e-01 -1.000000000000000000e+00
1.000000119209289551e+00 5.810256600379943848e-01 -5.810256004333496094e-01
1.000000119209289551e+00 -5.810256600379943848e-01 -5.810256004333496094e-01
1.000000119209289551e+00 5.810256600379943848e-01 5.810257196426391602e-01
1.000000119209289551e+00 -5.810256600379943848e-01 5.810257196426391602e-01
-1.000000119209289551e+00 5.810256600379943848e-01 5.810256004333496094e-01
-1.000000119209289551e+00 -5.810256600379943848e-01 5.810256004333496094e-01
-1.000000119209289551e+00 5.810256600379943848e-01 -5.810257196426391602e-01
-1.000000119209289551e+00 -5.810256600379943848e-01 -5.810257196426391602e-01
-4.999999105930328369e-01 5.000000000000000000e-01 -1.000000119209289551e+00
-4.999999105930328369e-01 -5.000000000000000000e-01 -1.000000119209289551e+00
5.000000596046447754e-01 5.000000000000000000e-01 -1.000000119209289551e+00
5.000000596046447754e-01 -5.000000000000000000e-01 -1.000000119209289551e+00
-5.000000596046447754e-01 -5.000000000000000000e-01 1.000000119209289551e+00
-5.000000596046447754e-01 5.000000000000000000e-01 1.000000119209289551e+00
4.999999105930328369e-01 -5.000000000000000000e-01 1.000000119209289551e+00
4.999999105930328369e-01 5.000000000000000000e-01 1.000000119209289551e+00
5.000000596046447754e-01 -5.810256600379943848e-01 -5.810256004333496094e-01
-4.999999701976776123e-01 -5.810256600379943848e-01 -5.810257196426391602e-01
-5.000000596046447754e-01 -5.810256600379943848e-01 5.810256004333496094e-01
4.999999701976776123e-01 -5.810256600379943848e-01 5.810257196426391602e-01
-5.000000596046447754e-01 5.810256600379943848e-01 5.810256004333496094e-01
4.999999701976776123e-01 5.810256600379943848e-01 5.810257196426391602e-01
-4.999999701976776123e-01 5.810256600379943848e-01 -5.810257196426391602e-01
5.000000596046447754e-01 5.810256600379943848e-01 -5.810256004333496094e-01
-1.000000238418579102e+00 -7.500000596046447754e-01 1.000000000000000000e+00
7.500000000000000000e-01 -1.000000119209289551e+00 1.000000119209289551e+00
1.000000000000000000e+00 7.500000596046447754e-01 1.000000238418579102e+00
-7.500001192092895508e-01 1.000000119209289551e+00 1.000000119209289551e+00
-1.000000119209289551e+00 1.000000119209289551e+00 7.500000000000000000e-01
1.000000119209289551e+00 1.000000119209289551e+00 -7.500000000000000000e-01
-7.500000000000000000e-01 1.000000119209289551e+00 -1.000000119209289551e+00
-1.000000000000000000e+00 7.500000596046447754e-01 -1.000000238418579102e+00
1.000000238418579102e+00 -7.500000596046447754e-01 -1.000000000000000000e+00
-7.500000000000000000e-01 -1.000000119209289551e+00 -1.000000119209289551e+00
-1.000000119209289551e+00 -1.000000119209289551e+00 -7.500001192092895508e-01
1.000000119209289551e+00 -1.000000119209289551e+00 7.500001192092895508e-01
-1.000000119209289551e+00 1.000000119209289551e+00 -7.500001192092895508e-01
-1.000000119209289551e+00 1.000000119209289551e+00 -7.549790836947067874e-08
1.000000119209289551e+00 1.000000119209289551e+00 7.500001192092895508e-01
1.000000119209289551e+00 1.000000119209289551e+00 7.549790836947067874e-08
-1.000000119209289551e+00 -1.000000119209289551e+00 7.500000000000000000e-01
-1.000000119209289551e+00 -1.000000119209289551e+00 -7.549790836947067874e-08
1.000000119209289551e+00 -1.000000119209289551e+00 -7.500000000000000000e-01
1.000000119209289551e+00 -1.000000119209289551e+00 7.549790836947067874e-08
1.000000119209289551e+00 -8.715385794639587402e-01 -5.810256004333496094e-01
1.000000119209289551e+00 -8.715385794639587402e-01 5.810257196426391602e-01
-1.000000119209289551e+00 -8.715385794639587402e-01 5.810256004333496094e-01
-1.000000119209289551e+00 -8.715385794639587402e-01 -5.810257196426391602e-01
-7.500000000000000000e-01 -1.000000119209289551e+00 -5.000000596046447754e-01
-7.500001192092895508e-01 -1.000000119209289551e+00 4.999999403953552246e-01
-7.500001192092895508e-01 1.000000119209289551e+00 4.999999403953552246e-01
-7.500000000000000000e-01 1.000000119209289551e+00 -5.000000596046447754e-01
-7.500001192092895508e-01 -1.000000119209289551e+00 1.000000119209289551e+00
-7.549790836947067874e-08 -1.000000119209289551e+00 1.000000119209289551e+00
7.500000000000000000e-01 1.000000119209289551e+00 1.000000119209289551e+00
-7.549790836947067874e-08 1.000000119209289551e+00 1.000000119209289551e+00
7.500001192092895508e-01 1.000000119209289551e+00 -1.000000119209289551e+00
7.549790836947067874e-08 1.000000119209289551e+00 -1.000000119209289551e+00
7.500001192092895508e-01 -1.000000119209289551e+00 -1.000000119209289551e+00
7.549790836947067874e-08 -1.000000119209289551e+00 -1.000000119209289551e+00
7.500001192092895508e-01 -1.000000119209289551e+00 -4.999999403953552246e-01
3.774895063202166057e-08 -1.000000119209289551e+00 -5.000000000000000000e-01
7.500000000000000000e-01 -1.000000119209289551e+00 5.000000596046447754e-01
-3.774895063202166057e-08 -1.000000119209289551e+00 5.000000000000000000e-01
7.500000000000000000e-01 1.000000119209289551e+00 5.000000596046447754e-01
-3.774895063202166057e-08 1.000000119209289551e+00 5.000000000000000000e-01
7.500001192092895508e-01 1.000000119209289551e+00 -4.999999403953552246e-01
3.774895063202166057e-08 1.000000119209289551e+00 -5.000000000000000000e-01
-5.000000000000000000e-01 1.000000119209289551e+00 -3.774895063202166057e-08
5.000000000000000000e-01 1.000000119209289551e+00 3.774895063202166057e-08
-5.000000596046447754e-01 1.000000119209289551e+00 7.500000000000000000e-01
4.999999403953552246e-01 1.000000119209289551e+00 7.500001192092895508e-01
-5.000000000000000000e-01 -1.000000119209289551e+00 -3.774895063202166057e-08
5.000000000000000000e-01 -1.000000119209289551e+00 3.774895063202166057e-08
-4.999999403953552246e-01 -1.000000119209289551e+00 -7.500001192092895508e-01
5.000000596046447754e-01 -1.000000119209289551e+00 -7.500000000000000000e-01
-5.000000596046447754e-01 -1.000000119209289551e+00 7.500000000000000000e-01
4.999999403953552246e-01 -1.000000119209289551e+00 7.500001192092895508e-01
-4.999999105930328369e-01 -7.500000596046447754e-01 -1.000000119209289551e+00
5.000000596046447754e-01 -7.500000596046447754e-01 -1.000000119209289551e+00
-4.999999403953552246e-01 1.000000119209289551e+00 -7.500001192092895508e-01
5.000000596046447754e-01 1.000000119209289551e+00 -7.500000000000000000e-01
-5.000000596046447754e-01 7.500000596046447754e-01 1.000000119209289551e+00
4.999999105930328369e-01 7.500000596046447754e-01 1.000000119209289551e+00
-1.000000238418579102e+00 7.500000596046447754e-01 1.000000000000000000e+00
-1.000000238418579102e+00 0.000000000000000000e+00 1.000000000000000000e+00
1.000000000000000000e+00 -7.500000596046447754e-01 1.000000238418579102e+00
1.000000000000000000e+00 0.000000000000000000e+00 1.000000238418579102e+00
-1.000000000000000000e+00 -7.500000596046447754e-01 -1.000000238418579102e+00
-1.000000000000000000e+00 0.000000000000000000e+00 -1.000000238418579102e+00
1.000000238418579102e+00 7.500000596046447754e-01 -1.000000000000000000e+00
1.000000238418579102e+00 0.000000000000000000e+00 -1.000000000000000000e+00
1.000000119209289551e+00 8.715385794639587402e-01 -5.810256004333496094e-01
1.000000119209289551e+00 4.829505684256218956e-10 -5.810256004333496094e-01
1.000000119209289551e+00 8.715385794639587402e-01 5.810257196426391602e-01
1.000000119209289551e+00 4.829505684256218956e-10 5.810257196426391602e-01
-1.000000119209289551e+00 8.715385794639587402e-01 5.810256004333496094e-01
-1.000000119209289551e+00 4.829505684256218956e-10 5.810256004333496094e-01
-1.000000119209289551e+00 8.715385794639587402e-01 -5.810257196426391602e-01
-1.000000119209289551e+00 4.829505684256218956e-10 -5.810257196426391602e-01
-4.999999105930328369e-01 7.500000596046447754e-01 -1.000000119209289551e+00
-4.999999105930328369e-01 0.000000000000000000e+00 -1.000000119209289551e+00
5.000000596046447754e-01 7.500000596046447754e-01 -1.000000119209289551e+00
5.000000596046447754e-01 0.000000000000000000e+00 -1.000000119209289551e+00
-5.000000596046447754e-01 -7.500000596046447754e-01 1.000000119209289551e+00
-5.000000596046447754e-01 0.000000000000000000e+00 1.000000119209289551e+00
4.999999105930328369e-01 -7.500000596046447754e-01 1.000000119209289551e+00
4.999999105930328369e-01 0.000000000000000000e+00 1.000000119209289551e+00
-7.549790836947067874e-08 -5.000000000000000000e-01 1.000000119209289551e+00
-7.549790836947067874e-08 5.000000000000000000e-01 1.000000119209289551e+00
-7.500001192092895508e-01 -5.000000000000000000e-01 1.000000119209289551e+00
-7.500001192092895508e-01 5.000000000000000000e-01 1.000000119209289551e+00
7.549790836947067874e-08 5.000000000000000000e-01 -1.000000119209289551e+00
7.549790836947067874e-08 -5.000000000000000000e-01 -1.000000119209289551e+00
-7.500000000000000000e-01 5.000000000000000000e-01 -1.000000119209289551e+00
-7.500000000000000000e-01 -5.000000000000000000e-01 -1.000000119209289551e+00
-1.000000119209289551e+00 5.810256600379943848e-01 -7.598085716153946123e-08
-1.000000119209289551e+00 -5.810256600379943848e-01 -7.598085716153946123e-08
-1.000000238418579102e+00 5.810256600379943848e-01 8.715385198593139648e-01
-1.000000238418579102e+00 -5.810256600379943848e-01 8.715385198593139648e-01
1.000000119209289551e+00 5.810256600379943848e-01 7.501495957740189624e-08
1.000000119209289551e+00 -5.810256600379943848e-01 7.501495957740189624e-08
1.000000238418579102e+00 5.810256600379943848e-01 -8.715385198593139648e-01
1.000000238418579102e+00 -5.810256600379943848e-01 -8.715385198593139648e-01
1.000000000000000000e+00 5.810256600379943848e-01 8.715386390686035156e-01
1.000000000000000000e+00 -5.810256600379943848e-01 8.715386390686035156e-01
-1.000000000000000000e+00 5.810256600379943848e-01 -8.715386390686035156e-01
-1.000000000000000000e+00 -5.810256600379943848e-01 -8.715386390686035156e-01
7.500001192092895508e-01 5.000000000000000000e-01 -1.000000119209289551e+00
7.500001192092895508e-01 -5.000000000000000000e-01 -1.000000119209289551e+00
7.500000000000000000e-01 -5.000000000000000000e-01 1.000000119209289551e+00
7.500000000000000000e-01 5.000000000000000000e-01 1.000000119209289551e+00
-7.500000000000000000e-01 -5.810256600379943848e-01 -5.810257196426391602e-01
7.500000000000000000e-01 -5.810256600379943848e-01 5.810257196426391602e-01
7.500000000000000000e-01 5.810256600379943848e-01 5.810257196426391602e-01
7.500001192092895508e-01 5.810256600379943848e-01 -5.810256004333496094e-01
7.500001192092895508e-01 -5.810256600379943848e-01 -5.810256004333496094e-01
4.386621910157373350e-08 -5.810256600379943848e-01 -5.810256600379943848e-01
-7.500001192092895508e-01 -5.810256600379943848e-01 5.810256004333496094e-01
-4.386621910157373350e-08 -5.810256600379943848e-01 5.810256600379943848e-01
-7.500001192092895508e-01 5.810256600379943848e-01 5.810256004333496094e-01
-4.386621910157373350e-08 5.810256600379943848e-01 5.810256600379943848e-01
-7.500000000000000000e-01 5.810256600379943848e-01 -5.810257196426391602e-01
4.386621910157373350e-08 5.810256600379943848e-01 -5.810256600379943848e-01
-4.999999701976776123e-01 4.829505684256218956e-10 -5.810257196426391602e-01
5.000000596046447754e-01 4.829505684256218956e-10 -5.810256004333496094e-01
-5.000000000000000000e-01 5.810256600379943848e-01 -3.823190297680412186e-08
5.000000000000000000e-01 5.810256600379943848e-01 3.726599828723919927e-08
-5.000000000000000000e-01 -5.810256600379943848e-01 -3.823190297680412186e-08
5.000000000000000000e-01 -5.810256600379943848e-01 3.726599828723919927e-08
-5.000000596046447754e-01 4.829505684256218956e-10 5.810256004333496094e-01
4.999999701976776123e-01 4.829505684256218956e-10 5.810257196426391602e-01
7.499999403953552246e-01 7.500000000000000000e-01 1.000000119209289551e+00
7.500001788139343262e-01 1.000000000000000000e+00 -7.500000000000000000e-01
7.500001788139343262e-01 -7.500000596046447754e-01 -9.999999403953552246e-01
7.499999403953552246e-01 -1.000000119209289551e+00 7.500000596046447754e-01
-9.999999403953552246e-01 -8.715385794639587402e-01 -8.715386986732482910e-01
9.999999403953552246e-01 -8.715385794639587402e-01 8.715386986732482910e-01
1.000000119209289551e+00 -8.715385794639587402e-01 -8.715386390686035156e-01
1.000000000000000000e+00 -8.715385794639587402e-01 7.501495247197453864e-08
-1.000000119209289551e+00 -8.715385794639587402e-01 8.715386390686035156e-01
-1.000000000000000000e+00 -8.715385794639587402e-01 -7.598085005611210363e-08
7.500001788139343262e-01 -1.000000000000000000e+00 -7.500000596046447754e-01
7.500000000000000000e-01 -1.000000119209289551e+00 5.662342772438933025e-08
7.499999403953552246e-01 1.000000119209289551e+00 7.500001192092895508e-01
7.500000000000000000e-01 1.000000119209289551e+00 5.662342772438933025e-08
-7.500000000000000000e-01 1.000000119209289551e+00 -5.662342772438933025e-08
7.450580596923828125e-09 1.000000119209289551e+00 5.625031982663521255e-16
-7.500000596046447754e-01 1.000000119209289551e+00 7.500000000000000000e-01
-4.917285068017918093e-08 1.000000119209289551e+00 7.500000596046447754e-01
-7.500000000000000000e-01 -1.000000119209289551e+00 -5.662342772438933025e-08
7.450580596923828125e-09 -1.000000119209289551e+00 5.625031982663521255e-16
-7.500001192092895508e-01 -1.000000000000000000e+00 -7.500001788139343262e-01
6.407401542674051598e-08 -1.000000119209289551e+00 -7.500000596046447754e-01
-7.500000596046447754e-01 -1.000000119209289551e+00 7.499999403953552246e-01
-4.917284712746550213e-08 -1.000000119209289551e+00 7.500000000000000000e-01
-7.500001192092895508e-01 -7.500000596046447754e-01 -1.000000000000000000e+00
8.294848896639450686e-08 -7.500000000000000000e-01 -1.000000119209289551e+00
-7.500001192092895508e-01 1.000000000000000000e+00 -7.500001192092895508e-01
6.407400832131315838e-08 1.000000119209289551e+00 -7.500000000000000000e-01
-7.500000596046447754e-01 7.500000000000000000e-01 1.000000119209289551e+00
-6.804732777254685061e-08 7.500000000000000000e-01 1.000000119209289551e+00
-6.804732777254685061e-08 -7.500000596046447754e-01 1.000000119209289551e+00
-6.804732777254685061e-08 0.000000000000000000e+00 1.000000119209289551e+00
-7.500000596046447754e-01 -7.500000596046447754e-01 1.000000119209289551e+00
-7.500000596046447754e-01 0.000000000000000000e+00 1.000000119209289551e+00
8.294848896639450686e-08 7.500000596046447754e-01 -1.000000119209289551e+00
8.294848896639450686e-08 0.000000000000000000e+00 -1.000000119209289551e+00
-7.500001192092895508e-01 7.500001192092895508e-01 -1.000000000000000000e+00
-7.499999403953552246e-01 0.000000000000000000e+00 -1.000000119209289551e+00
-1.000000000000000000e+00 8.715386390686035156e-01 -7.598085005611210363e-08
7.500000000000000000e-01 4.829505684256218956e-10 5.810257196426391602e-01
-1.000000119209289551e+00 8.715386390686035156e-01 8.715386390686035156e-01
-1.000000119209289551e+00 3.729684117104170582e-09 8.715386390686035156e-01
1.000000000000000000e+00 8.715386390686035156e-01 7.501495247197453864e-08
7.500000596046447754e-01 -5.810256600379943848e-01 5.614047893232054776e-08
1.000000119209289551e+00 8.715386390686035156e-01 -8.715386390686035156e-01
1.000000119209289551e+00 3.729684117104170582e-09 -8.715386390686035156e-01
9.999999403953552246e-01 8.715386390686035156e-01 8.715386986732482910e-01
9.999999403953552246e-01 3.729684117104170582e-09 8.715386986732482910e-01
-9.999999403953552246e-01 8.715386390686035156e-01 -8.715386986732482910e-01
-9.999999403953552246e-01 3.729684117104170582e-09 -8.715386986732482910e-01
7.500001788139343262e-01 7.500001192092895508e-01 -9.999999403953552246e-01
7.500000596046447754e-01 0.000000000000000000e+00 -1.000000119209289551e+00
7.499999403953552246e-01 -7.500000596046447754e-01 1.000000119209289551e+00
7.499999403953552246e-01 0.000000000000000000e+00 1.000000119209289551e+00
7.500000596046447754e-01 5.810256600379943848e-01 5.614047893232054776e-08
7.500001192092895508e-01 4.829505684256218956e-10 -5.810256004333496094e-01
-7.500000596046447754e-01 4.829505684256218956e-10 -5.810257196426391602e-01
4.386621910157373350e-08 -8.175006449562260968e-09 -5.810256600379943848e-01
-7.500001192092895508e-01 5.810256600379943848e-01 -5.710638362188547035e-08
6.901193526216123537e-16 5.810256600379943848e-01 -9.140907586413504760e-09
-7.500001192092895508e-01 -5.810256600379943848e-01 -5.710638362188547035e-08
-6.171958509727662814e-16 -5.810256600379943848e-01 8.175006449562260968e-09
-7.500001788139343262e-01 4.829505684256218956e-10 5.810256004333496094e-01
-4.386621910157373350e-08 9.140907586413504760e-09 5.810256600379943848e-01
6.249999403953552246e-01 6.250000596046447754e-01 1.000000119209289551e+00
8.750000000000000000e-01 6.250000000000000000e-01 1.000000238418579102e+00
8.750000000000000000e-01 8.750000596046447754e-01 1.000000238418579102e+00
6.249998807907104492e-01 8.750001192092895508e-01 1.000000119209289551e+00
6.250000596046447754e-01 1.000000000000000000e+00 -6.249999403953552246e-01
8.750002384185791016e-01 1.000000119209289551e+00 -6.250000596046447754e-01
8.750001192092895508e-01 1.000000119209289551e+00 -8.749999403953552246e-01
6.250001192092895508e-01 1.000000238418579102e+00 -8.750000596046447754e-01
6.250000596046447754e-01 -6.250000000000000000e-01 -9.999999403953552246e-01
8.750002384185791016e-01 -6.250001192092895508e-01 -1.000000000000000000e+00
8.750001192092895508e-01 -8.750000000000000000e-01 -1.000000000000000000e+00
6.250001192092895508e-01 -8.750001192092895508e-01 -1.000000238418579102e+00
6.249999403953552246e-01 -1.000000119209289551e+00 6.250001192092895508e-01
8.750000000000000000e-01 -1.000000119209289551e+00 6.250000596046447754e-01
8.750000000000000000e-01 -1.000000119209289551e+00 8.750001192092895508e-01
6.249998807907104492e-01 -1.000000119209289551e+00 8.750001788139343262e-01
-9.999999403953552246e-01 -7.262820601463317871e-01 -7.262821197509765625e-01
-1.000000000000000000e+00 -6.250001192092895508e-01 -8.750002384185791016e-01
-1.000000000000000000e+00 -8.750000000000000000e-01 -8.750001192092895508e-01
-1.000000238418579102e+00 -8.750001192092895508e-01 -6.250001192092895508e-01
9.999999403953552246e-01 -7.262820601463317871e-01 7.262821197509765625e-01
1.000000000000000000e+00 -6.250001192092895508e-01 8.750002384185791016e-01
1.000000000000000000e+00 -8.750000000000000000e-01 8.750001192092895508e-01
1.000000238418579102e+00 -8.750001192092895508e-01 6.250001192092895508e-01
1.000000238418579102e+00 -6.250000000000000000e-01 -8.750000596046447754e-01
1.000000119209289551e+00 -7.262821197509765625e-01 -7.262820601463317871e-01
1.000000119209289551e+00 -8.750000596046447754e-01 -6.249999403953552246e-01
1.000000238418579102e+00 -8.750001192092895508e-01 -8.750000596046447754e-01
1.000000119209289551e+00 -7.262821197509765625e-01 -2.905127406120300293e-01
1.000000119209289551e+00 -7.262821197509765625e-01 2.905129194259643555e-01
1.000000119209289551e+00 -8.750001788139343262e-01 2.500000894069671631e-01
1.000000119209289551e+00 -8.750001788139343262e-01 -2.499999254941940308e-01
-1.000000238418579102e+00 -6.250000000000000000e-01 8.750000596046447754e-01
-1.000000119209289551e+00 -7.262821197509765625e-01 7.262820601463317871e-01
-1.000000119209289551e+00 -8.750000596046447754e-01 6.249999403953552246e-01
-1.000000238418579102e+00 -8.750001192092895508e-01 8.750000596046447754e-01
-1.000000119209289551e+00 -7.262821197509765625e-01 2.905127406120300293e-01
-1.000000119209289551e+00 -7.262821197509765625e-01 -2.905129194259643555e-01
-1.000000119209289551e+00 -8.750001788139343262e-01 -2.500000894069671631e-01
-1.000000119209289551e+00 -8.750001788139343262e-01 2.499999254941940308e-01
6.250000596046447754e-01 -1.000000000000000000e+00 -8.749999403953552246e-01
8.750001788139343262e-01 -1.000000119209289551e+00 -8.750000596046447754e-01
8.750001788139343262e-01 -1.000000119209289551e+00 -6.249999403953552246e-01
6.250000000000000000e-01 -1.000000000000000000e+00 -6.249998807907104492e-01
6.250000596046447754e-01 -1.000000238418579102e+00 -2.499999850988388062e-01
8.750000000000000000e-01 -1.000000119209289551e+00 -2.499999254941940308e-01
8.750001192092895508e-01 -1.000000238418579102e+00 2.500000596046447754e-01
6.250000596046447754e-01 -1.000000238418579102e+00 2.500000894069671631e-01
6.250000000000000000e-01 1.000000119209289551e+00 8.750002384185791016e-01
8.749999403953552246e-01 1.000000119209289551e+00 8.750001192092895508e-01
8.750000000000000000e-01 1.000000238418579102e+00 6.250001192092895508e-01
6.249998807907104492e-01 1.000000119209289551e+00 6.250000000000000000e-01
6.250000596046447754e-01 1.000000238418579102e+00 2.500000894069671631e-01
8.750000000000000000e-01 1.000000119209289551e+00 2.500000596046447754e-01
8.750001192092895508e-01 1.000000238418579102e+00 -2.499999403953552246e-01
6.250000596046447754e-01 1.000000238418579102e+00 -2.499999850988388062e-01
-8.750000000000000000e-01 1.000000119209289551e+00 2.499999254941940308e-01
-6.250000596046447754e-01 1.000000238418579102e+00 2.499999850988388062e-01
-6.250000596046447754e-01 1.000000238418579102e+00 -2.500000894069671631e-01
-8.750001788139343262e-01 1.000000238418579102e+00 -2.500000596046447754e-01
-2.500000298023223877e-01 1.000000119209289551e+00 2.499999850988388062e-01
2.499999850988388062e-01 1.000000119209289551e+00 2.500000298023223877e-01
2.500000298023223877e-01 1.000000119209289551e+00 -2.499999850988388062e-01
-2.499999850988388062e-01 1.000000119209289551e+00 -2.500000298023223877e-01
-8.750001192092895508e-01 1.000000119209289551e+00 8.750000000000000000e-01
-6.250001192092895508e-01 1.000000119209289551e+00 8.750001192092895508e-01
-6.250000000000000000e-01 1.000000119209289551e+00 6.249998807907104492e-01
-8.750001788139343262e-01 1.000000238418579102e+00 6.250000000000000000e-01
-2.500000596046447754e-01 1.000000119209289551e+00 8.750001192092895508e-01
2.499999403953552246e-01 1.000000119209289551e+00 8.750001192092895508e-01
2.499999552965164185e-01 1.000000119209289551e+00 6.250000596046447754e-01
-2.500000596046447754e-01 1.000000119209289551e+00 6.250000596046447754e-01
-8.750000000000000000e-01 -1.000000119209289551e+00 -2.500000596046447754e-01
-6.250000596046447754e-01 -1.000000238418579102e+00 -2.500000894069671631e-01
-6.250000596046447754e-01 -1.000000238418579102e+00 2.499999850988388062e-01
-8.750001788139343262e-01 -1.000000238418579102e+00 2.499999403953552246e-01
-2.499999850988388062e-01 -1.000000119209289551e+00 -2.500000298023223877e-01
2.500000298023223877e-01 -1.000000119209289551e+00 -2.499999850988388062e-01
2.499999850988388062e-01 -1.000000119209289551e+00 2.500000298023223877e-01
-2.500000298023223877e-01 -1.000000119209289551e+00 2.499999850988388062e-01
-8.749999403953552246e-01 -1.000000000000000000e+00 -8.750000596046447754e-01
-6.249999403953552246e-01 -1.000000000000000000e+00 -8.750001192092895508e-01
-6.250000596046447754e-01 -1.000000119209289551e+00 -6.250001192092895508e-01
-8.750000596046447754e-01 -1.000000000000000000e+00 -6.250000000000000000e-01
-2.499999403953552246e-01 -1.000000119209289551e+00 -8.750001192092895508e-01
2.500000596046447754e-01 -1.000000119209289551e+00 -8.750001192092895508e-01
2.500000596046447754e-01 -1.000000119209289551e+00 -6.250000596046447754e-01
-2.499999552965164185e-01 -1.000000119209289551e+00 -6.250000596046447754e-01
-8.750001192092895508e-01 -1.000000119209289551e+00 6.250000000000000000e-01
-6.250000596046447754e-01 -1.000000119209289551e+00 6.250000000000000000e-01
-6.250000596046447754e-01 -1.000000119209289551e+00 8.750000000000000000e-01
-8.750000000000000000e-01 -1.000000000000000000e+00 8.749998807907104492e-01
-2.500000894069671631e-01 -1.000000238418579102e+00 6.250000596046447754e-01
2.499999850988388062e-01 -1.000000238418579102e+00 6.250000596046447754e-01
2.499999254941940308e-01 -1.000000119209289551e+00 8.750001192092895508e-01
-2.500000596046447754e-01 -1.000000119209289551e+00 8.750001192092895508e-01
-8.750000596046447754e-01 -6.250000000000000000e-01 -1.000000238418579102e+00
-6.250000000000000000e-01 -6.250000596046447754e-01 -1.000000119209289551e+00
-6.249999403953552246e-01 -8.750000596046447754e-01 -1.000000119209289551e+00
-8.750000596046447754e-01 -8.750001192092895508e-01 -1.000000238418579102e+00
-2.499999552965164185e-01 -6.250000596046447754e-01 -1.000000238418579102e+00
2.500001192092895508e-01 -6.250000596046447754e-01 -1.000000238418579102e+00
2.500000596046447754e-01 -8.750001192092895508e-01 -1.000000119209289551e+00
-2.499999105930328369e-01 -8.750001192092895508e-01 -1.000000119209289551e+00
-8.750000596046447754e-01 1.000000119209289551e+00 -6.250000596046447754e-01
-6.250000000000000000e-01 1.000000119209289551e+00 -6.250001192092895508e-01
-6.249999403953552246e-01 1.000000119209289551e+00 -8.750001192092895508e-01
-8.750000596046447754e-01 1.000000119209289551e+00 -8.750001788139343262e-01
-2.499999850988388062e-01 1.000000238418579102e+00 -6.250000596046447754e-01
2.500000894069671631e-01 1.000000238418579102e+00 -6.250000596046447754e-01
2.500000596046447754e-01 1.000000119209289551e+00 -8.750001192092895508e-01
-2.499999254941940308e-01 1.000000119209289551e+00 -8.750001192092895508e-01
-8.750001192092895508e-01 6.250000596046447754e-01 1.000000000000000000e+00
-6.250000596046447754e-01 6.250000596046447754e-01 1.000000119209289551e+00
-6.250000596046447754e-01 8.750000596046447754e-01 1.000000119209289551e+00
-8.750000000000000000e-01 8.749999403953552246e-01 9.999999403953552246e-01
-2.500001192092895508e-01 6.250000596046447754e-01 1.000000238418579102e+00
2.499999552965164185e-01 6.250000596046447754e-01 1.000000238418579102e+00
2.499999105930328369e-01 8.750001192092895508e-01 1.000000119209289551e+00
-2.500000596046447754e-01 8.750001192092895508e-01 1.000000119209289551e+00
-2.500000894069671631e-01 -8.750001192092895508e-01 1.000000119209289551e+00
2.499999254941940308e-01 -8.750001192092895508e-01 1.000000119209289551e+00
2.499999254941940308e-01 -6.250000596046447754e-01 1.000000119209289551e+00
-2.500000894069671631e-01 -6.250000596046447754e-01 1.000000119209289551e+00
-2.500000894069671631e-01 -2.500000000000000000e-01 1.000000119209289551e+00
2.499999254941940308e-01 -2.500000000000000000e-01 1.000000119209289551e+00
2.499999254941940308e-01 2.500000000000000000e-01 1.000000119209289551e+00
-2.500000894069671631e-01 2.500000000000000000e-01 1.000000119209289551e+00
-8.750001192092895508e-01 -8.750000596046447754e-01 1.000000000000000000e+00
-6.250001192092895508e-01 -8.750001788139343262e-01 1.000000119209289551e+00
-6.250000000000000000e-01 -6.249999403953552246e-01 1.000000119209289551e+00
-8.750001788139343262e-01 -6.250000596046447754e-01 1.000000119209289551e+00
-8.750000596046447754e-01 -2.499999850988388062e-01 1.000000000000000000e+00
-6.250001192092895508e-01 -2.500000298023223877e-01 1.000000238418579102e+00
-6.250001192092895508e-01 2.500000298023223877e-01 1.000000238418579102e+00
-8.750002384185791016e-01 2.500000000000000000e-01 1.000000119209289551e+00
-2.499999254941940308e-01 8.750001192092895508e-01 -1.000000119209289551e+00
2.500000894069671631e-01 8.750001192092895508e-01 -1.000000119209289551e+00
2.500000894069671631e-01 6.250000596046447754e-01 -1.000000119209289551e+00
-2.499999254941940308e-01 6.250000596046447754e-01 -1.000000119209289551e+00
-2.499999254941940308e-01 2.500000000000000000e-01 -1.000000119209289551e+00
2.500000894069671631e-01 2.500000000000000000e-01 -1.000000119209289551e+00
2.500000894069671631e-01 -2.500000000000000000e-01 -1.000000119209289551e+00
-2.499999254941940308e-01 -2.500000000000000000e-01 -1.000000119209289551e+00
-8.749999403953552246e-01 8.750000000000000000e-01 -1.000000119209289551e+00
-6.249999403953552246e-01 8.750000596046447754e-01 -1.000000000000000000e+00
-6.250000596046447754e-01 6.250000596046447754e-01 -1.000000119209289551e+00
-8.750000596046447754e-01 6.249999403953552246e-01 -1.000000119209289551e+00
-8.749999403953552246e-01 2.499999850988388062e-01 -1.000000238418579102e+00
-6.250000000000000000e-01 2.500000298023223877e-01 -1.000000238418579102e+00
-6.250000000000000000e-01 -2.500000298023223877e-01 -1.000000238418579102e+00
-8.750001192092895508e-01 -2.500000000000000000e-01 -1.000000357627868652e+00
-1.000000238418579102e+00 8.750001788139343262e-01 2.499999552965164185e-01
-1.000000238418579102e+00 8.750001788139343262e-01 -2.500001192092895508e-01
-1.000000119209289551e+00 7.262820601463317871e-01 -2.905128896236419678e-01
-1.000000119209289551e+00 7.262820601463317871e-01 2.905127108097076416e-01
6.250000000000000000e-01 -2.905128300189971924e-01 5.810257196426391602e-01
6.250000000000000000e-01 2.905128300189971924e-01 5.810257196426391602e-01
8.750001192092895508e-01 2.905128300189971924e-01 5.810257196426391602e-01
8.750001192092895508e-01 -2.905128300189971924e-01 5.810257196426391602e-01
-1.000000119209289551e+00 8.750000000000000000e-01 8.749999403953552246e-01
-1.000000000000000000e+00 8.750000596046447754e-01 6.249999403953552246e-01
-1.000000119209289551e+00 7.262821197509765625e-01 7.262821793556213379e-01
-1.000000119209289551e+00 6.249999403953552246e-01 8.750000596046447754e-01
-1.000000238418579102e+00 2.500000298023223877e-01 8.750000596046447754e-01
-1.000000119209289551e+00 2.905128002166748047e-01 7.262820601463317871e-01
-1.000000119209289551e+00 -2.905128002166748047e-01 7.262820601463317871e-01
-1.000000357627868652e+00 -2.500000298023223877e-01 8.750000596046447754e-01
1.000000238418579102e+00 8.750001788139343262e-01 -2.499999552965164185e-01
1.000000238418579102e+00 8.750001788139343262e-01 2.500001192092895508e-01
1.000000119209289551e+00 7.262820601463317871e-01 2.905128896236419678e-01
1.000000119209289551e+00 7.262820601463317871e-01 -2.905127108097076416e-01
6.250000596046447754e-01 -5.810256600379943848e-01 -2.905127704143524170e-01
6.250000596046447754e-01 -5.810256600379943848e-01 2.905128896236419678e-01
8.750001788139343262e-01 -5.810256600379943848e-01 2.905128896236419678e-01
8.750001788139343262e-01 -5.810256600379943848e-01 -2.905127704143524170e-01
1.000000119209289551e+00 8.750000000000000000e-01 -8.749999403953552246e-01
1.000000000000000000e+00 8.750000596046447754e-01 -6.249999403953552246e-01
1.000000119209289551e+00 7.262821197509765625e-01 -7.262821793556213379e-01
1.000000119209289551e+00 6.249999403953552246e-01 -8.750000596046447754e-01
1.000000238418579102e+00 2.500000298023223877e-01 -8.750000596046447754e-01
1.000000119209289551e+00 2.905128002166748047e-01 -7.262820601463317871e-01
1.000000119209289551e+00 -2.905128002166748047e-01 -7.262820601463317871e-01
1.000000357627868652e+00 -2.500000298023223877e-01 -8.750000596046447754e-01
9.999999403953552246e-01 8.750000000000000000e-01 6.250000596046447754e-01
1.000000000000000000e+00 8.750001192092895508e-01 8.750001788139343262e-01
1.000000000000000000e+00 6.250000000000000000e-01 8.750001788139343262e-01
9.999999403953552246e-01 7.262820005416870117e-01 7.262820601463317871e-01
1.000000119209289551e+00 2.905128002166748047e-01 7.262821197509765625e-01
1.000000119209289551e+00 2.500000298023223877e-01 8.750002384185791016e-01
1.000000119209289551e+00 -2.500000298023223877e-01 8.750002384185791016e-01
1.000000119209289551e+00 -2.905128300189971924e-01 7.262821793556213379e-01
-9.999999403953552246e-01 8.750000000000000000e-01 -6.250000596046447754e-01
-1.000000000000000000e+00 8.750001192092895508e-01 -8.750001788139343262e-01
-1.000000000000000000e+00 6.250000000000000000e-01 -8.750001788139343262e-01
-9.999999403953552246e-01 7.262820005416870117e-01 -7.262820601463317871e-01
-1.000000119209289551e+00 2.905128002166748047e-01 -7.262821197509765625e-01
-1.000000119209289551e+00 2.500000298023223877e-01 -8.750002384185791016e-01
-1.000000119209289551e+00 -2.500000298023223877e-01 -8.750002384185791016e-01
-1.000000119209289551e+00 -2.905128300189971924e-01 -7.262821793556213379e-01
6.250000596046447754e-01 8.750000000000000000e-01 -9.999999403953552246e-01
8.750001788139343262e-01 8.750001192092895508e-01 -1.000000000000000000e+00
8.750001788139343262e-01 6.250000000000000000e-01 -1.000000000000000000e+00
6.250000000000000000e-01 6.249999403953552246e-01 -9.999999403953552246e-01
6.250001192092895508e-01 2.500000298023223877e-01 -1.000000238418579102e+00
8.750000596046447754e-01 2.499999850988388062e-01 -1.000000000000000000e+00
8.750001788139343262e-01 -2.500000000000000000e-01 -1.000000119209289551e+00
6.250001192092895508e-01 -2.500000298023223877e-01 -1.000000238418579102e+00
6.250000000000000000e-01 -8.750001788139343262e-01 1.000000119209289551e+00
8.749999403953552246e-01 -8.750000596046447754e-01 1.000000238418579102e+00
8.750000000000000000e-01 -6.250000596046447754e-01 1.000000357627868652e+00
6.249998807907104492e-01 -6.249999403953552246e-01 1.000000119209289551e+00
6.250000000000000000e-01 -2.500000298023223877e-01 1.000000238418579102e+00
8.749999403953552246e-01 -2.499999850988388062e-01 1.000000238418579102e+00
8.750000596046447754e-01 2.500000000000000000e-01 1.000000357627868652e+00
6.250000000000000000e-01 2.500000298023223877e-01 1.000000238418579102e+00
6.250000596046447754e-01 5.810256600379943848e-01 2.905128896236419678e-01
6.250000596046447754e-01 5.810256600379943848e-01 -2.905127704143524170e-01
8.750001788139343262e-01 5.810256600379943848e-01 -2.905127704143524170e-01
8.750001788139343262e-01 5.810256600379943848e-01 2.905128896236419678e-01
6.250001192092895508e-01 2.905128300189971924e-01 -5.810256004333496094e-01
6.250001192092895508e-01 -2.905128300189971924e-01 -5.810256004333496094e-01
8.750002384185791016e-01 -2.905128300189971924e-01 -5.810256004333496094e-01
8.750002384185791016e-01 2.905128300189971924e-01 -5.810256004333496094e-01
-8.750001192092895508e-01 2.905128598213195801e-01 -5.810257196426391602e-01
-8.750001192092895508e-01 -2.905128598213195801e-01 -5.810257196426391602e-01
-6.249999403953552246e-01 -2.905128002166748047e-01 -5.810257196426391602e-01
-6.249999403953552246e-01 2.905128002166748047e-01 -5.810257196426391602e-01
-2.499999552965164185e-01 2.905128300189971924e-01 -5.810256600379943848e-01
-2.499999552965164185e-01 -2.905128300189971924e-01 -5.810256600379943848e-01
2.500000298023223877e-01 -2.905128300189971924e-01 -5.810256600379943848e-01
2.500000298023223877e-01 2.905128300189971924e-01 -5.810256600379943848e-01
-8.750001788139343262e-01 5.810256600379943848e-01 2.905128002166748047e-01
-8.750001788139343262e-01 5.810256600379943848e-01 -2.905129194259643555e-01
-6.250000000000000000e-01 5.810256600379943848e-01 -2.905128598213195801e-01
-6.250000000000000000e-01 5.810256600379943848e-01 2.905127406120300293e-01
-2.500000298023223877e-01 5.810256600379943848e-01 2.905128002166748047e-01
-2.499999850988388062e-01 5.810256600379943848e-01 -2.905128598213195801e-01
2.500000298023223877e-01 5.810256600379943848e-01 -2.905128002166748047e-01
2.499999850988388062e-01 5.810256600379943848e-01 2.905128598213195801e-01
-8.750001788139343262e-01 -5.810256600379943848e-01 -2.905129194259643555e-01
-8.750001788139343262e-01 -5.810256600379943848e-01 2.905128002166748047e-01
-6.250000000000000000e-01 -5.810256600379943848e-01 2.905127406120300293e-01
-6.250000000000000000e-01 -5.810256600379943848e-01 -2.905128598213195801e-01
-2.499999850988388062e-01 -5.810256600379943848e-01 -2.905128598213195801e-01
-2.500000298023223877e-01 -5.810256600379943848e-01 2.905128002166748047e-01
2.499999850988388062e-01 -5.810256600379943848e-01 2.905128598213195801e-01
2.500000298023223877e-01 -5.810256600379943848e-01 -2.905128002166748047e-01
-8.750002384185791016e-01 -2.905128598213195801e-01 5.810256004333496094e-01
-8.750002384185791016e-01 2.905128598213195801e-01 5.810256004333496094e-01
-6.250000596046447754e-01 2.905128002166748047e-01 5.810256004333496094e-01
-6.250000596046447754e-01 -2.905128002166748047e-01 5.810256004333496094e-01
-2.500000298023223877e-01 -2.905128300189971924e-01 5.810256600379943848e-01
-2.500000298023223877e-01 2.905128300189971924e-01 5.810256600379943848e-01
2.499999552965164185e-01 2.905128300189971924e-01 5.810256600379943848e-01
2.499999552965164185e-01 -2.905128300189971924e-01 5.810256600379943848e-01
