-8.239182233810424805e-01 -9.306205511093139648e-01 -6.847069263458251953e-01
-8.239181637763977051e-01 -7.005050182342529297e-01 9.187875986099243164e-01
-8.239182233810424805e-01 7.005051374435424805e-01 -9.187876582145690918e-01
-8.239182233810424805e-01 9.306205511093139648e-01 6.847069859504699707e-01
8.239182233810424805e-01 -7.005051374435424805e-01 -9.187876582145690918e-01
8.239182829856872559e-01 -9.306205511093139648e-01 6.847069263458251953e-01
8.239182233810424805e-01 9.306205511093139648e-01 -6.847069859504699707e-01
8.239181637763977051e-01 7.005051374435424805e-01 9.187875986099243164e-01
3.794372081756591797e-01 9.368827939033508301e-01 -7.875217795372009277e-01
-3.794372081756591797e-01 8.257291316986083984e-01 -9.033887982368469238e-01
-3.794372081756591797e-01 9.368828535079956055e-01 7.875217795372009277e-01
3.794371783733367920e-01 8.257291913032531738e-01 9.033886790275573730e-01
-3.794372081756591797e-01 -9.368827939033508301e-01 -7.875217795372009277e-01
3.794372081756591797e-01 -8.257290720939636230e-01 -9.033887982368469238e-01
3.794372081756591797e-01 -9.368827939033508301e-01 7.875216603279113770e-01
-3.794372081756591797e-01 -8.257291316986083984e-01 9.033886790275573730e-01
-8.554344177246093750e-01 -9.001629352569580078e-01 -2.366218268871307373e-01
-8.554344177246093750e-01 -7.920060157775878906e-01 4.888862669467926025e-01
-8.554345369338989258e-01 9.001629352569580078e-01 2.366217821836471558e-01
-8.554345369338989258e-01 7.920058965682983398e-01 -4.888862371444702148e-01
8.554344177246093750e-01 7.920060157775878906e-01 4.888862669467926025e-01
8.554344177246093750e-01 9.001629352569580078e-01 -2.366218268871307373e-01
8.554344773292541504e-01 -9.001629352569580078e-01 2.366217821836471558e-01
8.554345369338989258e-01 -7.920058965682983398e-01 -4.888862371444702148e-01
3.693100214004516602e-01 -1.003275513648986816e+00 3.047000467777252197e-01
3.693099915981292725e-01 -9.562676548957824707e-01 -4.300650358200073242e-01
-3.693100214004516602e-01 -9.562675952911376953e-01 4.300650358200073242e-01
-3.693099915981292725e-01 -1.003275513648986816e+00 -3.047000765800476074e-01
-3.693100214004516602e-01 1.003275513648986816e+00 3.047000467777252197e-01
-3.693099915981292725e-01 9.562676548957824707e-01 -4.300650358200073242e-01
3.693100214004516602e-01 9.562676548957824707e-01 4.300650656223297119e-01
3.693099915981292725e-01 1.003275513648986816e+00 -3.047000765800476074e-01
-8.832080364227294922e-01 2.460618317127227783e-01 -8.951588273048400879e-01
-8.832080364227294922e-01 -5.039715766906738281e-01 -7.796593308448791504e-01
-8.832080364227294922e-01 -2.460618615150451660e-01 8.951588273048400879e-01
-8.832080364227294922e-01 5.039715766906738281e-01 7.796592116355895996e-01
8.832080364227294922e-01 -2.460618466138839722e-01 -8.951589465141296387e-01
8.832080364227294922e-01 5.039715766906738281e-01 -7.796592116355895996e-01
8.832080364227294922e-01 2.460618615150451660e-01 8.951588273048400879e-01
8.832080364227294922e-01 -5.039715766906738281e-01 7.796592116355895996e-01
4.234400987625122070e-01 3.584849238395690918e-01 9.006422162055969238e-01
4.234400987625122070e-01 -4.861240386962890625e-01 8.386604189872741699e-01
-4.234400391578674316e-01 4.861240386962890625e-01 8.386604189872741699e-01
-4.234400689601898193e-01 -3.584849238395690918e-01 9.006420969963073730e-01
-4.234400987625122070e-01 3.584849238395690918e-01 -9.006422162055969238e-01
-4.234400987625122070e-01 -4.861240386962890625e-01 -8.386604189872741699e-01
4.234401583671569824e-01 4.861240386962890625e-01 -8.386604189872741699e-01
4.234401583671569824e-01 -3.584849238395690918e-01 -9.006422162055969238e-01
9.817745685577392578e-01 4.262211918830871582e-01 -3.004125952720642090e-01
9.817745685577392578e-01 -3.017708659172058105e-01 -4.252606630325317383e-01
9.817745685577392578e-01 3.017708659172058105e-01 4.252606034278869629e-01
9.817745685577392578e-01 -4.262212514877319336e-01 3.004125952720642090e-01
-9.817745685577392578e-01 -4.262211918830871582e-01 -3.004125952720642090e-01
-9.817745685577392578e-01 3.017708361148834229e-01 -4.252606630325317383e-01
-9.817745685577392578e-01 -3.017708659172058105e-01 4.252606034278869629e-01
-9.817745685577392578e-01 4.262211918830871582e-01 3.004125952720642090e-01
2.846956253051757812e-01 -3.025521337985992432e-01 3.552521467208862305e-01
2.846956253051757812e-01 -2.661486566066741943e-01 -3.832842409610748291e-01
-2.846956253051757812e-01 -3.025521337985992432e-01 -3.552521765232086182e-01
-2.846956253051757812e-01 -2.661486566066741943e-01 3.832842111587524414e-01
-2.846956253051757812e-01 2.661486566066741943e-01 -3.832842409610748291e-01
-2.846956253051757812e-01 3.025521337985992432e-01 3.552521467208862305e-01
2.846956253051757812e-01 3.025521337985992432e-01 -3.552521765232086182e-01
2.846956253051757812e-01 2.661486566066741943e-01 3.832842111587524414e-01
-8.608893156051635742e-01 -7.877905368804931641e-01 -7.289823293685913086e-01
-8.464863300323486328e-01 -7.418963909149169922e-01 7.711962461471557617e-01
-8.608893156051635742e-01 7.877904772758483887e-01 7.289823293685913086e-01
-8.464863300323486328e-01 7.418963909149169922e-01 -7.711962461471557617e-01
-6.709023714065551758e-01 7.580763697624206543e-01 -9.318637251853942871e-01
6.709023714065551758e-01 7.580762505531311035e-01 9.318637251853942871e-01
8.464862704277038574e-01 9.329560995101928711e-01 -5.241630673408508301e-01
8.608893752098083496e-01 7.877905368804931641e-01 -7.289823293685913086e-01
8.608893156051635742e-01 -7.877904772758483887e-01 7.289822697639465332e-01
8.464863300323486328e-01 -7.418963909149169922e-01 -7.711962461471557617e-01
6.709024906158447266e-01 -7.580761909484863281e-01 -9.318637251853942871e-01
-6.709023714065551758e-01 -7.580762505531311035e-01 9.318637251853942871e-01
6.709024906158447266e-01 9.521184563636779785e-01 -7.324751615524291992e-01
1.662469717444992057e-09 8.916488289833068848e-01 -8.485842943191528320e-01
-6.709023714065551758e-01 9.521185755729675293e-01 7.324752211570739746e-01
-2.357464889968241550e-09 8.916487693786621094e-01 8.485842943191528320e-01
-6.709023714065551758e-01 -9.521184563636779785e-01 -7.324752211570739746e-01
4.087640448346974154e-09 -8.916487693786621094e-01 -8.485842943191528320e-01
6.709024906158447266e-01 -9.521185159683227539e-01 7.324752211570739746e-01
2.560385459204894687e-09 -8.916487693786621094e-01 8.485842943191528320e-01
3.957618176937103271e-01 -7.803226113319396973e-01 8.653327226638793945e-01
-3.957618176937103271e-01 -6.548973321914672852e-01 9.637498855590820312e-01
-3.957618176937103271e-01 -7.803226113319396973e-01 -8.653327226638793945e-01
3.957618176937103271e-01 -6.548973321914672852e-01 -9.637498855590820312e-01
3.717431426048278809e-01 -9.126200079917907715e-01 -7.226145863533020020e-01
-3.717431426048278809e-01 -9.977687597274780273e-01 -5.995870232582092285e-01
-3.717431426048278809e-01 9.126200079917907715e-01 -7.226145863533020020e-01
3.717431724071502686e-01 9.977688789367675781e-01 -5.995870232582092285e-01
-8.464862704277038574e-01 -9.329560995101928711e-01 -5.241630673408508301e-01
-8.573359847068786621e-01 -8.479235172271728516e-01 1.266915351152420044e-01
-8.464863300323486328e-01 9.329560995101928711e-01 5.241630077362060547e-01
-8.573359847068786621e-01 8.479235768318176270e-01 -1.266915351152420044e-01
8.464863300323486328e-01 7.418963909149169922e-01 7.711962461471557617e-01
8.573359847068786621e-01 8.479235172271728516e-01 1.266915351152420044e-01
8.464863300323486328e-01 -9.329560995101928711e-01 5.241630077362060547e-01
8.573359847068786621e-01 -8.479235768318176270e-01 -1.266915351152420044e-01
3.717431426048278809e-01 -9.977688193321228027e-01 5.995869040489196777e-01
3.688569664955139160e-01 -9.847060441970825195e-01 -6.292069703340530396e-02
-3.717431426048278809e-01 -9.126200079917907715e-01 7.226145863533020020e-01
-3.688569664955139160e-01 -9.847060441970825195e-01 6.292069703340530396e-02
-3.717431724071502686e-01 9.977688789367675781e-01 5.995869636535644531e-01
-3.688569664955139160e-01 9.847060441970825195e-01 -6.292069703340530396e-02
3.717431426048278809e-01 9.126200079917907715e-01 7.226145863533020020e-01
3.688569664955139160e-01 9.847060441970825195e-01 6.292069703340530396e-02
-5.645262035613995977e-12 9.886596798896789551e-01 -3.683282136917114258e-01
-3.877751453273958759e-10 9.886596798896789551e-01 3.683282136917114258e-01
-6.650338768959045410e-01 9.003932476043701172e-01 -4.739429056644439697e-01
-6.650339365005493164e-01 9.847560524940490723e-01 2.560964226722717285e-01
8.828493491819244809e-12 -9.886596798896789551e-01 -3.683282136917114258e-01
2.131521625869936543e-10 -9.886596202850341797e-01 3.683282136917114258e-01
6.650338768959045410e-01 -9.003932476043701172e-01 -4.739429056644439697e-01
6.650338768959045410e-01 -9.847559928894042969e-01 2.560964524745941162e-01
-6.650338172912597656e-01 -9.847560524940490723e-01 -2.560964524745941162e-01
-6.650338172912597656e-01 -9.003933072090148926e-01 4.739429056644439697e-01
9.488473534584045410e-01 -5.960491299629211426e-01 -4.711838960647583008e-01
9.488472938537597656e-01 -7.161398530006408691e-01 2.538352608680725098e-01
6.650338768959045410e-01 9.847561120986938477e-01 -2.560964524745941162e-01
6.650338172912597656e-01 9.003933072090148926e-01 4.739429056644439697e-01
-9.488473534584045410e-01 5.960490107536315918e-01 -4.711838662624359131e-01
-9.488472938537597656e-01 7.161398530006408691e-01 2.538352608680725098e-01
-8.608893156051635742e-01 5.391607880592346191e-01 -9.280812740325927734e-01
-8.916487693786621094e-01 -1.303779333829879761e-01 -8.385087251663208008e-01
-8.608893156051635742e-01 -5.391608476638793945e-01 9.280812740325927734e-01
-8.916488289833068848e-01 1.303779482841491699e-01 8.385087251663208008e-01
8.608893156051635742e-01 -5.391608476638793945e-01 -9.280812740325927734e-01
8.916487693786621094e-01 1.303779333829879761e-01 -8.385087251663208008e-01
8.608893156051635742e-01 5.391608476638793945e-01 9.280812740325927734e-01
8.916487693786621094e-01 -1.303779333829879761e-01 8.385087251663208008e-01
3.957617878913879395e-01 6.548972725868225098e-01 9.637497663497924805e-01
5.477272272109985352e-01 -8.120365440845489502e-02 8.544169664382934570e-01
-3.957618176937103271e-01 7.803226113319396973e-01 8.653328418731689453e-01
-5.477272272109985352e-01 8.120365440845489502e-02 8.544169664382934570e-01
-3.957617878913879395e-01 6.548972725868225098e-01 -9.637497663497924805e-01
-5.477272272109985352e-01 -8.120365440845489502e-02 -8.544169664382934570e-01
3.957618176937103271e-01 7.803226113319396973e-01 -8.653328418731689453e-01
5.477272272109985352e-01 8.120365440845489502e-02 -8.544169664382934570e-01
9.488472938537597656e-01 7.161399126052856445e-01 -2.538352310657501221e-01
9.886596202850341797e-01 6.269042193889617920e-02 -3.629539310932159424e-01
9.488473534584045410e-01 5.960491299629211426e-01 4.711838960647583008e-01
9.886596202850341797e-01 -6.269042193889617920e-02 3.629539608955383301e-01
-9.488473534584045410e-01 -7.161399126052856445e-01 -2.538352310657501221e-01
-9.886596202850341797e-01 -6.269042193889617920e-02 -3.629539310932159424e-01
-9.488473534584045410e-01 -5.960491299629211426e-01 4.711838960647583008e-01
-9.886596202850341797e-01 6.269042193889617920e-02 3.629539608955383301e-01
-9.867142438888549805e-01 -3.634961545467376709e-01 6.265810132026672363e-02
-9.867141842842102051e-01 3.634961545467376709e-01 -6.265809386968612671e-02
-9.571731090545654297e-01 -4.758549034595489502e-01 -5.921332836151123047e-01
-9.571731090545654297e-01 2.574616372585296631e-01 -7.146840095520019531e-01
9.867141842842102051e-01 3.634961545467376709e-01 6.265809386968612671e-02
9.867141842842102051e-01 -3.634961545467376709e-01 -6.265809386968612671e-02
9.571730494499206543e-01 4.758549034595489502e-01 -5.921332836151123047e-01
9.571731090545654297e-01 -2.574616372585296631e-01 -7.146840691566467285e-01
4.848971002502366900e-09 5.477272272109985352e-01 -8.582670092582702637e-01
4.756728344545990694e-09 -5.477272272109985352e-01 -8.582670688629150391e-01
-7.192952036857604980e-01 2.789267599582672119e-01 -9.587209224700927734e-01
-7.192951440811157227e-01 -5.064766407012939453e-01 -8.604809045791625977e-01
-9.059614169970586772e-10 5.477272272109985352e-01 8.582670092582702637e-01
5.531576974249219347e-09 -5.477272272109985352e-01 8.582670092582702637e-01
7.192952036857604980e-01 2.789267599582672119e-01 9.587209224700927734e-01
7.192951440811157227e-01 -5.064766407012939453e-01 8.604809045791625977e-01
-7.192951440811157227e-01 5.064767003059387207e-01 8.604810237884521484e-01
-7.192951440811157227e-01 -2.789267599582672119e-01 9.587210416793823242e-01
7.192952036857604980e-01 5.064767003059387207e-01 -8.604810237884521484e-01
7.192952036857604980e-01 -2.789267301559448242e-01 -9.587210416793823242e-01
9.571731090545654297e-01 2.574616372585296631e-01 7.146840095520019531e-01
9.571730494499206543e-01 -4.758549034595489502e-01 5.921332836151123047e-01
-9.571731090545654297e-01 -2.574616372585296631e-01 7.146840095520019531e-01
-9.571730494499206543e-01 4.758549034595489502e-01 5.921332836151123047e-01
3.151749968528747559e-01 -2.782189249992370605e-01 -6.857128143310546875e-01
-3.151749968528747559e-01 -2.782189249992370605e-01 6.857128143310546875e-01
-3.151749968528747559e-01 3.511943221092224121e-01 6.513603925704956055e-01
3.151749968528747559e-01 2.782189249992370605e-01 6.857128143310546875e-01
3.151749968528747559e-01 -3.511943519115447998e-01 6.513603925704956055e-01
2.790086865425109863e-01 -2.786837220191955566e-01 -1.346188504248857498e-02
-3.151749968528747559e-01 -3.511943221092224121e-01 -6.513603925704956055e-01
-2.790086865425109863e-01 -2.786837220191955566e-01 1.346187572926282883e-02
-3.151749968528747559e-01 2.782189249992370605e-01 -6.857128143310546875e-01
-2.790086865425109863e-01 2.786837220191955566e-01 -1.346188504248857498e-02
3.151749968528747559e-01 3.511943221092224121e-01 -6.513603925704956055e-01
2.790086865425109863e-01 2.786837220191955566e-01 1.346187572926282883e-02
3.992174863815307617e-01 2.550435066223144531e-02 -3.687011599540710449e-01
3.992174863815307617e-01 -2.550434879958629608e-02 3.687011599540710449e-01
-3.358735511937993579e-09 3.992174863815307617e-01 -3.695822358131408691e-01
-4.580441581580885213e-10 3.992174863815307617e-01 3.695822358131408691e-01
-5.079242582084475544e-10 -3.992175161838531494e-01 -3.695822358131408691e-01
7.011068392515085179e-10 -3.992175161838531494e-01 3.695822358131408691e-01
-3.992175161838531494e-01 -2.550435066223144531e-02 -3.687011599540710449e-01
-3.992175161838531494e-01 2.550434879958629608e-02 3.687011599540710449e-01
-9.282454252243041992e-01 7.622845172882080078e-01 5.443191528320312500e-01
6.654434204101562500e-01 8.463818430900573730e-01 7.614614367485046387e-01
9.282454252243041992e-01 -7.622845172882080078e-01 5.443191528320312500e-01
-6.654434204101562500e-01 -8.463818430900573730e-01 7.614614367485046387e-01
6.923837661743164062e-01 -5.788739919662475586e-01 -9.846297502517700195e-01
-6.923837661743164062e-01 -5.788739919662475586e-01 9.846297502517700195e-01
6.923837065696716309e-01 -7.959715723991394043e-01 8.191579580307006836e-01
8.150068397938525777e-10 -7.444776296615600586e-01 9.148701429367065430e-01
-6.923836469650268555e-01 -7.959716320037841797e-01 -8.191579580307006836e-01
1.586059394931282895e-09 -7.444776296615600586e-01 -9.148701429367065430e-01
6.654435396194458008e-01 -9.978209733963012695e-01 5.482143163681030273e-01
1.613418287860213240e-09 -9.637641906738281250e-01 6.632104516029357910e-01
-6.654434800148010254e-01 9.978210926055908203e-01 5.482143163681030273e-01
-2.254384678934684416e-09 9.637641906738281250e-01 6.632104516029357910e-01
6.537246299842536246e-10 9.637641906738281250e-01 -6.632103919982910156e-01
-9.217728802468627691e-10 9.937446117401123047e-01 -1.557225015602625717e-09
-6.654434204101562500e-01 8.463819026947021484e-01 -7.614614963531494141e-01
-6.650875210762023926e-01 9.465704560279846191e-01 -1.093938797712326050e-01
3.176725549280945415e-10 -9.637641906738281250e-01 -6.632103919982910156e-01
9.217728802468627691e-10 -9.937444925308227539e-01 -1.557225015602625717e-09
6.654434204101562500e-01 -8.463819026947021484e-01 -7.614614963531494141e-01
6.650874614715576172e-01 -9.465704560279846191e-01 -1.093938648700714111e-01
-6.654434204101562500e-01 -9.978210330009460449e-01 -5.482143759727478027e-01
-6.650874614715576172e-01 -9.465703964233398438e-01 1.093938574194908142e-01
9.282454252243041992e-01 -5.514793395996093750e-01 -7.571207284927368164e-01
9.528706669807434082e-01 -6.560715436935424805e-01 -1.091397479176521301e-01
6.654435396194458008e-01 9.978210330009460449e-01 -5.482143163681030273e-01
6.650874614715576172e-01 9.465703964233398438e-01 1.093938574194908142e-01
-9.282454252243041992e-01 5.514792203903198242e-01 -7.571206688880920410e-01
-9.528706669807434082e-01 6.560715436935424805e-01 -1.091397479176521301e-01
-9.528707265853881836e-01 -6.560715436935424805e-01 1.091397553682327271e-01
-9.937446117401123047e-01 -6.139405428484678851e-09 1.785869674364448656e-09
-9.282454252243041992e-01 -7.622845172882080078e-01 -5.443192124366760254e-01
-9.637641906738281250e-01 -1.100644394755363464e-01 -6.540136337280273438e-01
9.528706073760986328e-01 6.560715436935424805e-01 1.091397479176521301e-01
9.937446117401123047e-01 -1.457544640537378200e-10 6.945845565375918795e-10
9.282454252243041992e-01 7.622845172882080078e-01 -5.443192124366760254e-01
9.637641906738281250e-01 1.100644394755363464e-01 -6.540136337280273438e-01
6.169953437051844958e-09 7.444776296615600586e-01 -9.148701429367065430e-01
-4.368691146373748779e-01 5.044903233647346497e-02 6.662460565567016602e-01
-6.923836469650268555e-01 5.788738727569580078e-01 -9.846296310424804688e-01
-7.444776296615600586e-01 -1.175029352307319641e-01 -9.072929620742797852e-01
-5.297890126598758798e-09 7.444776296615600586e-01 9.148701429367065430e-01
1.697959217672462273e-09 -4.368691444396972656e-01 6.681533455848693848e-01
6.923836469650268555e-01 5.788739323616027832e-01 9.846296310424804688e-01
7.444776296615600586e-01 -1.175029352307319641e-01 9.072929620742797852e-01
-6.923836469650268555e-01 7.959715127944946289e-01 8.191580772399902344e-01
-7.444776296615600586e-01 1.175029277801513672e-01 9.072929024696350098e-01
6.923836469650268555e-01 7.959715127944946289e-01 -8.191580772399902344e-01
7.444776296615600586e-01 1.175029277801513672e-01 -9.072929024696350098e-01
9.282454252243041992e-01 5.514793395996093750e-01 7.571207284927368164e-01
9.637641906738281250e-01 -1.100644469261169434e-01 6.540136933326721191e-01
-9.282455444335937500e-01 -5.514793395996093750e-01 7.571207284927368164e-01
-9.637641906738281250e-01 1.100644469261169434e-01 6.540136933326721191e-01
-7.534487478366713731e-10 4.368691146373748779e-01 6.681533455848693848e-01
4.368691146373748779e-01 -5.044903978705406189e-02 6.662460565567016602e-01
4.368691146373748779e-01 5.044903606176376343e-02 -6.662460565567016602e-01
3.917726278305053711e-01 2.364728635129154100e-09 -2.143072386218136671e-09
1.619639644623305230e-09 4.368691444396972656e-01 -6.681533455848693848e-01
-3.070451892739356481e-09 3.917726278305053711e-01 -2.506401752810916150e-09
3.596085207391297445e-09 -4.368691146373748779e-01 -6.681533455848693848e-01
-7.366926513263649667e-10 -3.917726576328277588e-01 -2.248370378765685018e-09
-4.368691444396972656e-01 -5.044903606176376343e-02 -6.662460565567016602e-01
-3.917726576328277588e-01 -2.749711014438105394e-10 -2.284924027762258447e-09
-9.652459025382995605e-01 6.149711012840270996e-01 4.351084232330322266e-01
-9.235786199569702148e-01 6.548382043838500977e-01 6.768013834953308105e-01
-8.845844864845275879e-01 8.791361451148986816e-01 6.354987621307373047e-01
-9.114215373992919922e-01 8.505043983459472656e-01 4.008232951164245605e-01
5.340977907180786133e-01 9.121104478836059570e-01 6.180636286735534668e-01
5.388200879096984863e-01 8.476778864860534668e-01 8.549771904945373535e-01
7.719906568527221680e-01 7.752318978309631348e-01 8.730834126472473145e-01
7.770165801048278809e-01 8.322511911392211914e-01 6.467685699462890625e-01
9.652459025382995605e-01 -6.149711012840270996e-01 4.351084232330322266e-01
9.235786199569702148e-01 -6.548382043838500977e-01 6.768013834953308105e-01
8.845844864845275879e-01 -8.791361451148986816e-01 6.354987621307373047e-01
9.114215373992919922e-01 -8.505043983459472656e-01 4.008232951164245605e-01
-5.340977907180786133e-01 -9.121104478836059570e-01 6.180636286735534668e-01
-5.388200879096984863e-01 -8.476778864860534668e-01 8.549771904945373535e-01
-7.719906568527221680e-01 -7.752318978309631348e-01 8.730834126472473145e-01
-7.770165801048278809e-01 -8.322511911392211914e-01 6.467685699462890625e-01
5.783389210700988770e-01 -4.832587242126464844e-01 -9.761009216308593750e-01
8.094530105590820312e-01 -4.226183891296386719e-01 -9.669019579887390137e-01
7.833518981933593750e-01 -6.585077643394470215e-01 -9.687524437904357910e-01
5.534377098083496094e-01 -7.198567390441894531e-01 -9.717164635658264160e-01
-5.783389210700988770e-01 -4.832587242126464844e-01 9.761009216308593750e-01
-8.094530105590820312e-01 -4.226183891296386719e-01 9.669019579887390137e-01
-7.833517789840698242e-01 -6.585077643394470215e-01 9.687524437904357910e-01
-5.534377098083496094e-01 -7.198567390441894531e-01 9.717164635658264160e-01
8.094528913497924805e-01 -6.734222173690795898e-01 8.124088048934936523e-01
5.783389210700988770e-01 -6.676346659660339355e-01 8.605670928955078125e-01
5.534377098083496094e-01 -8.916347026824951172e-01 8.169539570808410645e-01
7.833518981933593750e-01 -8.938316702842712402e-01 7.570856809616088867e-01
2.143292576074600220e-01 -6.631267070770263672e-01 8.855457305908203125e-01
-2.143292427062988281e-01 -5.956952571868896484e-01 9.322421550750732422e-01
-2.019683420658111572e-01 -7.963151931762695312e-01 9.302937388420104980e-01
2.019683569669723511e-01 -8.593276739120483398e-01 8.724220991134643555e-01
-8.094528913497924805e-01 -6.734222173690795898e-01 -8.124088048934936523e-01
-5.783389210700988770e-01 -6.676346659660339355e-01 -8.605670928955078125e-01
-5.534377098083496094e-01 -8.916347026824951172e-01 -8.169540166854858398e-01
-7.833518981933593750e-01 -8.938315510749816895e-01 -7.570856809616088867e-01
-2.143292576074600220e-01 -6.631267070770263672e-01 -8.855457305908203125e-01
2.143292576074600220e-01 -5.956952571868896484e-01 -9.322421550750732422e-01
2.019683569669723511e-01 -7.963151931762695312e-01 -9.302937388420104980e-01
-2.019683420658111572e-01 -8.593276739120483398e-01 -8.724220991134643555e-01
7.770166397094726562e-01 -9.741480350494384766e-01 4.024762809276580811e-01
7.719907760620117188e-01 -9.781829118728637695e-01 6.375087499618530273e-01
5.388202071189880371e-01 -9.914602637290954590e-01 6.830449104309082031e-01
5.340977907180786133e-01 -1.010146856307983398e+00 4.399449229240417480e-01
1.922382861375808716e-01 -9.975571036338806152e-01 4.992833733558654785e-01
1.950137913227081299e-01 -9.628827571868896484e-01 7.432985305786132812e-01
-1.950137913227081299e-01 -9.105767011642456055e-01 8.065271377563476562e-01
-1.922382861375808716e-01 -9.621667265892028809e-01 5.644813179969787598e-01
-7.770166993141174316e-01 9.741480350494384766e-01 4.024762809276580811e-01
-7.719907760620117188e-01 9.781829118728637695e-01 6.375087499618530273e-01
-5.388202071189880371e-01 9.914603829383850098e-01 6.830449104309082031e-01
-5.340977907180786133e-01 1.010146856307983398e+00 4.399449229240417480e-01
-1.922382861375808716e-01 9.975572228431701660e-01 4.992833733558654785e-01
-1.950137913227081299e-01 9.628828167915344238e-01 7.432985901832580566e-01
1.950137913227081299e-01 9.105767011642456055e-01 8.065271377563476562e-01
1.922382861375808716e-01 9.621667265892028809e-01 5.644813179969787598e-01
-1.950137913227081299e-01 9.105767011642456055e-01 -8.065271973609924316e-01
-1.922382861375808716e-01 9.621668457984924316e-01 -5.644813179969787598e-01
1.922382861375808716e-01 9.975572228431701660e-01 -4.992833733558654785e-01
1.950137913227081299e-01 9.628828167915344238e-01 -7.432985305786132812e-01
-1.915315538644790649e-01 9.852622151374816895e-01 -2.240125089883804321e-01
-1.915315538644790649e-01 9.979338049888610840e-01 1.582764089107513428e-01
1.915315389633178711e-01 9.852622151374816895e-01 2.240124940872192383e-01
1.915315389633178711e-01 9.979338049888610840e-01 -1.582764238119125366e-01
-7.719906568527221680e-01 7.752321362495422363e-01 -8.730834126472473145e-01
-7.770165801048278809e-01 8.322511315345764160e-01 -6.467685699462890625e-01
-5.340977907180786133e-01 9.121104478836059570e-01 -6.180636286735534668e-01
-5.388201475143432617e-01 8.476780056953430176e-01 -8.549772500991821289e-01
-7.789003252983093262e-01 8.845371007919311523e-01 -3.125139474868774414e-01
-7.789003252983093262e-01 9.358153343200683594e-01 6.573052704334259033e-02
-5.331505537033081055e-01 9.894999861717224121e-01 1.003933474421501160e-01
-5.331505537033081055e-01 9.542979001998901367e-01 -2.801867723464965820e-01
1.950138062238693237e-01 -9.105767011642456055e-01 -8.065271973609924316e-01
1.922382861375808716e-01 -9.621668457984924316e-01 -5.644813179969787598e-01
-1.922382861375808716e-01 -9.975572228431701660e-01 -4.992833733558654785e-01
-1.950137913227081299e-01 -9.628827571868896484e-01 -7.432985305786132812e-01
1.915315538644790649e-01 -9.852622151374816895e-01 -2.240125089883804321e-01
1.915315538644790649e-01 -9.979338049888610840e-01 1.582764089107513428e-01
-1.915315389633178711e-01 -9.852621555328369141e-01 2.240124940872192383e-01
-1.915315389633178711e-01 -9.979338049888610840e-01 -1.582764238119125366e-01
7.719907760620117188e-01 -7.752319574356079102e-01 -8.730834722518920898e-01
7.770165801048278809e-01 -8.322511315345764160e-01 -6.467685699462890625e-01
5.340977907180786133e-01 -9.121103286743164062e-01 -6.180636286735534668e-01
5.388202071189880371e-01 -8.476780056953430176e-01 -8.549772500991821289e-01
7.789003252983093262e-01 -8.845371007919311523e-01 -3.125139474868774414e-01
7.789003252983093262e-01 -9.358153343200683594e-01 6.573052704334259033e-02
5.331505537033081055e-01 -9.894999265670776367e-01 1.003933548927307129e-01
5.331505537033081055e-01 -9.542979001998901367e-01 -2.801867723464965820e-01
-5.388201475143432617e-01 -9.914603829383850098e-01 -6.830449104309082031e-01
-5.340977311134338379e-01 -1.010146737098693848e+00 -4.399449229240417480e-01
-7.770165801048278809e-01 -9.741480946540832520e-01 -4.024762809276580811e-01
-7.719906568527221680e-01 -9.781829714775085449e-01 -6.375088095664978027e-01
-5.331505537033081055e-01 -9.895000457763671875e-01 -1.003933399915695190e-01
-5.331505537033081055e-01 -9.542979001998901367e-01 2.801867723464965820e-01
-7.789002656936645508e-01 -8.845371007919311523e-01 3.125139176845550537e-01
-7.789002656936645508e-01 -9.358153343200683594e-01 -6.573054194450378418e-02
9.235786199569702148e-01 -4.090759456157684326e-01 -8.482513427734375000e-01
9.652459621429443359e-01 -4.383662939071655273e-01 -6.126530170440673828e-01
9.114215373992919922e-01 -6.842514276504516602e-01 -6.448389291763305664e-01
8.845844268798828125e-01 -6.468017697334289551e-01 -8.708540201187133789e-01
9.760476350784301758e-01 -4.934529662132263184e-01 -2.779816389083862305e-01
9.760474562644958496e-01 -5.576832890510559082e-01 9.878740459680557251e-02
9.185022115707397461e-01 -7.992864847183227539e-01 6.520220637321472168e-02
9.185022115707397461e-01 -7.388892173767089844e-01 -3.116936683654785156e-01
5.388202071189880371e-01 9.914603829383850098e-01 -6.830449104309082031e-01
5.340977311134338379e-01 1.010146737098693848e+00 -4.399449229240417480e-01
7.770165801048278809e-01 9.741480946540832520e-01 -4.024762809276580811e-01
7.719907760620117188e-01 9.781829118728637695e-01 -6.375087499618530273e-01
5.331505537033081055e-01 9.895000457763671875e-01 -1.003933399915695190e-01
5.331505537033081055e-01 9.542979001998901367e-01 2.801867723464965820e-01
7.789002060890197754e-01 8.845371007919311523e-01 3.125139176845550537e-01
7.789002656936645508e-01 9.358153343200683594e-01 -6.573054194450378418e-02
-9.235786199569702148e-01 4.090758264064788818e-01 -8.482513427734375000e-01
-9.652459621429443359e-01 4.383662939071655273e-01 -6.126530170440673828e-01
-9.114215373992919922e-01 6.842513680458068848e-01 -6.448389291763305664e-01
-8.845844268798828125e-01 6.468016505241394043e-01 -8.708540201187133789e-01
-9.760476350784301758e-01 4.934529662132263184e-01 -2.779816389083862305e-01
-9.760474562644958496e-01 5.576832890510559082e-01 9.878740459680557251e-02
-9.185022115707397461e-01 7.992864847183227539e-01 6.520220637321472168e-02
-9.185022115707397461e-01 7.388892173767089844e-01 -3.116936683654785156e-01
-9.185022115707397461e-01 -7.992865443229675293e-01 -6.520219892263412476e-02
-9.185022115707397461e-01 -7.388892769813537598e-01 3.116936683654785156e-01
-9.760475158691406250e-01 -4.934529662132263184e-01 2.779816091060638428e-01
-9.760475158691406250e-01 -5.576832890510559082e-01 -9.878737479448318481e-02
-9.921425580978393555e-01 -2.213819622993469238e-01 -1.557263880968093872e-01
-9.921425580978393555e-01 -1.560525596141815186e-01 2.211521714925765991e-01
-9.921425580978393555e-01 2.213819473981857300e-01 1.557264029979705811e-01
-9.921426177024841309e-01 1.560525298118591309e-01 -2.211522012948989868e-01
-8.845845460891723633e-01 -8.791362643241882324e-01 -6.354987621307373047e-01
-9.114214181900024414e-01 -8.505043983459472656e-01 -4.008233249187469482e-01
-9.652460217475891113e-01 -6.149711012840270996e-01 -4.351084232330322266e-01
-9.235787391662597656e-01 -6.548383235931396484e-01 -6.768014430999755859e-01
-9.372630715370178223e-01 -3.176246285438537598e-01 -7.337021827697753906e-01
-9.804040193557739258e-01 -2.793086767196655273e-01 -4.920915961265563965e-01
-9.804041385650634766e-01 9.965107589960098267e-02 -5.569893717765808105e-01
-9.372630715370178223e-01 6.728717684745788574e-02 -7.966659665107727051e-01
9.185022115707397461e-01 7.992865443229675293e-01 -6.520219892263412476e-02
9.185021519660949707e-01 7.388892769813537598e-01 3.116936683654785156e-01
9.760475158691406250e-01 4.934529662132263184e-01 2.779816091060638428e-01
9.760475158691406250e-01 5.576832890510559082e-01 -9.878737479448318481e-02
9.921425580978393555e-01 2.213819622993469238e-01 -1.557263880968093872e-01
9.921425580978393555e-01 1.560525596141815186e-01 2.211521714925765991e-01
9.921425580978393555e-01 -2.213819622993469238e-01 1.557263880968093872e-01
9.921426177024841309e-01 -1.560525596141815186e-01 -2.211522012948989868e-01
8.845845460891723633e-01 8.791361451148986816e-01 -6.354987621307373047e-01
9.114214181900024414e-01 8.505043983459472656e-01 -4.008233249187469482e-01
9.652459025382995605e-01 6.149711012840270996e-01 -4.351084232330322266e-01
9.235787391662597656e-01 6.548383235931396484e-01 -6.768014430999755859e-01
9.372630715370178223e-01 3.176245987415313721e-01 -7.337021827697753906e-01
9.804040193557739258e-01 2.793086767196655273e-01 -4.920915961265563965e-01
9.804041385650634766e-01 -9.965107589960098267e-02 -5.569893717765808105e-01
9.372630715370178223e-01 -6.728716194629669189e-02 -7.966660261154174805e-01
-2.019683271646499634e-01 7.963151931762695312e-01 -9.302937984466552734e-01
2.019683569669723511e-01 8.593276739120483398e-01 -8.724222183227539062e-01
2.143292725086212158e-01 6.631267070770263672e-01 -8.855457305908203125e-01
-2.143292427062988281e-01 5.956952571868896484e-01 -9.322421550750732422e-01
-3.894594013690948486e-01 -1.273581236600875854e-01 5.447234511375427246e-01
-3.894594013690948486e-01 1.993835419416427612e-01 5.226756930351257324e-01
-4.552960395812988281e-01 2.571895122528076172e-01 7.673835158348083496e-01
-4.552959799766540527e-01 -1.336185634136199951e-01 7.982292771339416504e-01
-7.833517789840698242e-01 6.585078239440917969e-01 -9.687524437904357910e-01
-5.534376502037048340e-01 7.198567390441894531e-01 -9.717164039611816406e-01
-5.783389210700988770e-01 4.832586646080017090e-01 -9.761008024215698242e-01
-8.094529509544372559e-01 4.226182699203491211e-01 -9.669018983840942383e-01
-8.283270001411437988e-01 7.109825313091278076e-02 -9.215070009231567383e-01
-6.298438906669616699e-01 1.141519099473953247e-01 -9.274325966835021973e-01
-6.298438906669616699e-01 -3.119644522666931152e-01 -8.808178305625915527e-01
-8.283270001411437988e-01 -3.286982476711273193e-01 -8.638215661048889160e-01
2.019683271646499634e-01 7.963151931762695312e-01 9.302937388420104980e-01
-2.019683569669723511e-01 8.593276739120483398e-01 8.724222183227539062e-01
-2.143292427062988281e-01 6.631267070770263672e-01 8.855457305908203125e-01
2.143292427062988281e-01 5.956952571868896484e-01 9.322421550750732422e-01
1.637423336505889893e-01 -4.044536054134368896e-01 5.236678123474121094e-01
-1.637423336505889893e-01 -3.741527497768402100e-01 5.457292795181274414e-01
-1.960117220878601074e-01 -4.284123182296752930e-01 8.002253174781799316e-01
1.960117220878601074e-01 -4.816562831401824951e-01 7.693535685539245605e-01
7.833517789840698242e-01 6.585078835487365723e-01 9.687524437904357910e-01
5.534376502037048340e-01 7.198567390441894531e-01 9.717163443565368652e-01
5.783389210700988770e-01 4.832586646080017090e-01 9.761008024215698242e-01
8.094529509544372559e-01 4.226182699203491211e-01 9.669018983840942383e-01
8.283270001411437988e-01 7.109825313091278076e-02 9.215070009231567383e-01
6.298438906669616699e-01 1.141518950462341309e-01 9.274325966835021973e-01
6.298438906669616699e-01 -3.119644522666931152e-01 8.808178305625915527e-01
8.283270001411437988e-01 -3.286982774734497070e-01 8.638215661048889160e-01
-5.534376502037048340e-01 8.916348218917846680e-01 8.169540762901306152e-01
-7.833517789840698242e-01 8.938316106796264648e-01 7.570858001708984375e-01
-8.094529509544372559e-01 6.734222173690795898e-01 8.124089241027832031e-01
-5.783389210700988770e-01 6.676346659660339355e-01 8.605672121047973633e-01
-6.298438310623168945e-01 3.119645118713378906e-01 8.808178305625915527e-01
-8.283270001411437988e-01 3.286982476711273193e-01 8.638215661048889160e-01
-8.283270001411437988e-01 -7.109826803207397461e-02 9.215070009231567383e-01
-6.298438906669616699e-01 -1.141518801450729370e-01 9.274325966835021973e-01
5.534376502037048340e-01 8.916347622871398926e-01 -8.169540166854858398e-01
7.833517789840698242e-01 8.938315510749816895e-01 -7.570857405662536621e-01
8.094529509544372559e-01 6.734221577644348145e-01 -8.124089241027832031e-01
5.783389210700988770e-01 6.676346659660339355e-01 -8.605672121047973633e-01
6.298438906669616699e-01 3.119645118713378906e-01 -8.808178305625915527e-01
8.283270001411437988e-01 3.286982476711273193e-01 -8.638215661048889160e-01
8.283270001411437988e-01 -7.109825313091278076e-02 -9.215070605278015137e-01
6.298439502716064453e-01 -1.141518726944923401e-01 -9.274325966835021973e-01
9.114214181900024414e-01 6.842515468597412109e-01 6.448388695716857910e-01
8.845845460891723633e-01 6.468017697334289551e-01 8.708540201187133789e-01
9.235786199569702148e-01 4.090759456157684326e-01 8.482513427734375000e-01
9.652460217475891113e-01 4.383663535118103027e-01 6.126530170440673828e-01
9.804040193557739258e-01 9.965108335018157959e-02 5.569893717765808105e-01
9.372630715370178223e-01 6.728717684745788574e-02 7.966659665107727051e-01
9.372630715370178223e-01 -3.176245987415313721e-01 7.337021231651306152e-01
9.804040193557739258e-01 -2.793086767196655273e-01 4.920915961265563965e-01
-9.114214181900024414e-01 -6.842515468597412109e-01 6.448388695716857910e-01
-8.845845460891723633e-01 -6.468017697334289551e-01 8.708540201187133789e-01
-9.235787391662597656e-01 -4.090759158134460449e-01 8.482513427734375000e-01
-9.652460217475891113e-01 -4.383663535118103027e-01 6.126530170440673828e-01
-9.804040193557739258e-01 -9.965108335018157959e-02 5.569893717765808105e-01
-9.372631311416625977e-01 -6.728717684745788574e-02 7.966659665107727051e-01
-9.372630715370178223e-01 3.176245987415313721e-01 7.337021231651306152e-01
-9.804040193557739258e-01 2.793086767196655273e-01 4.920915961265563965e-01
-1.637423336505889893e-01 4.044535756111145020e-01 5.236678123474121094e-01
1.637423336505889893e-01 3.741527199745178223e-01 5.457292795181274414e-01
1.960117220878601074e-01 4.284122884273529053e-01 8.002253174781799316e-01
-1.960117220878601074e-01 4.816562235355377197e-01 7.693535685539245605e-01
3.894594013690948486e-01 1.273581236600875854e-01 5.447234511375427246e-01
3.894594013690948486e-01 -1.993835568428039551e-01 5.226756930351257324e-01
4.552960693836212158e-01 -2.571895420551300049e-01 7.673835158348083496e-01
4.552959799766540527e-01 1.336185336112976074e-01 7.982292771339416504e-01
4.552960693836212158e-01 2.571895122528076172e-01 -7.673835754394531250e-01
4.552960395812988281e-01 -1.336185336112976074e-01 -7.982293367385864258e-01
3.894594013690948486e-01 -1.273581385612487793e-01 -5.447234511375427246e-01
3.894594311714172363e-01 1.993835568428039551e-01 -5.226756930351257324e-01
3.727961778640747070e-01 1.682622134685516357e-01 -1.812424361705780029e-01
3.727961778640747070e-01 -1.435515582561492920e-01 -2.013800740242004395e-01
3.727961778640747070e-01 -1.682621836662292480e-01 1.812424063682556152e-01
3.727961778640747070e-01 1.435515582561492920e-01 2.013800442218780518e-01
-1.960117220878601074e-01 4.284122884273529053e-01 -8.002253770828247070e-01
1.960117369890213013e-01 4.816562831401824951e-01 -7.693536281585693359e-01
1.637423485517501831e-01 4.044535756111145020e-01 -5.236678123474121094e-01
-1.637423485517501831e-01 3.741527497768402100e-01 -5.457292795181274414e-01
-1.562317013740539551e-01 3.674792051315307617e-01 -2.017143815755844116e-01
1.562316715717315674e-01 3.778408765792846680e-01 -1.815652400255203247e-01
1.562316715717315674e-01 3.674792051315307617e-01 2.017143517732620239e-01
-1.562316715717315674e-01 3.778408765792846680e-01 1.815652102231979370e-01
1.960117518901824951e-01 -4.284122884273529053e-01 -8.002253770828247070e-01
-1.960117220878601074e-01 -4.816562831401824951e-01 -7.693536281585693359e-01
-1.637423485517501831e-01 -4.044535756111145020e-01 -5.236678123474121094e-01
1.637423485517501831e-01 -3.741527199745178223e-01 -5.457292795181274414e-01
1.562316715717315674e-01 -3.674792051315307617e-01 -2.017143815755844116e-01
-1.562316715717315674e-01 -3.778408765792846680e-01 -1.815652400255203247e-01
-1.562316715717315674e-01 -3.674792051315307617e-01 2.017143517732620239e-01
1.562316715717315674e-01 -3.778408765792846680e-01 1.815652102231979370e-01
-4.552960395812988281e-01 -2.571895122528076172e-01 -7.673835754394531250e-01
-4.552960395812988281e-01 1.336185336112976074e-01 -7.982293367385864258e-01
-3.894594013690948486e-01 1.273581385612487793e-01 -5.447234511375427246e-01
-3.894594311714172363e-01 -1.993835568428039551e-01 -5.226756930351257324e-01
-3.727961778640747070e-01 -1.682621836662292480e-01 -1.812424361705780029e-01
-3.727961778640747070e-01 1.435515582561492920e-01 -2.013800740242004395e-01
-3.727961778640747070e-01 1.682621836662292480e-01 1.812424063682556152e-01
-3.727961778640747070e-01 -1.435515582561492920e-01 2.013800442218780518e-01
