-1.000000119209289551e+00 1.000000119209289551e+00 -1.000000119209289551e+00
-1.000000119209289551e+00 -1.000000119209289551e+00 -1.000000119209289551e+00
-1.000000119209289551e+00 1.000000119209289551e+00 1.000000119209289551e+00
-1.000000119209289551e+00 -1.000000119209289551e+00 1.000000119209289551e+00
1.000000119209289551e+00 1.000000119209289551e+00 -1.000000119209289551e+00
1.000000119209289551e+00 -1.000000119209289551e+00 -1.000000119209289551e+00
1.000000119209289551e+00 1.000000119209289551e+00 1.000000119209289551e+00
1.000000119209289551e+00 -1.000000119209289551e+00 1.000000119209289551e+00
5.000000000000000000e-01 1.000000119209289551e+00 1.000000119209289551e+00
-5.000000000000000000e-01 1.000000119209289551e+00 1.000000119209289551e+00
-5.000000000000000000e-01 -1.000000119209289551e+00 1.000000119209289551e+00
5.000000000000000000e-01 -1.000000119209289551e+00 1.000000119209289551e+00
-5.000000000000000000e-01 1.000000119209289551e+00 -1.000000119209289551e+00
5.000000000000000000e-01 1.000000119209289551e+00 -1.000000119209289551e+00
5.000000000000000000e-01 -1.000000119209289551e+00 -1.000000119209289551e+00
-5.000000000000000000e-01 -1.000000119209289551e+00 -1.000000119209289551e+00
-1.000000119209289551e+00 5.000000596046447754e-01 -1.000000119209289551e+00
-1.000000119209289551e+00 -4.999999701976776123e-01 -1.000000119209289551e+00
-1.000000119209289551e+00 -5.000000596046447754e-01 1.000000119209289551e+00
-1.000000119209289551e+00 4.999999701976776123e-01 1.000000119209289551e+00
1.000000119209289551e+00 -5.000000596046447754e-01 1.000000119209289551e+00
1.000000119209289551e+00 4.999999701976776123e-01 1.000000119209289551e+00
1.000000119209289551e+00 -4.999999701976776123e-01 -1.000000119209289551e+00
1.000000119209289551e+00 5.000000596046447754e-01 -1.000000119209289551e+00
5.000000000000000000e-01 -4.999999701976776123e-01 -1.000000119209289551e+00
5.000000000000000000e-01 5.000000596046447754e-01 -1.000000119209289551e+00
-5.000000000000000000e-01 -4.999999701976776123e-01 -1.000000119209289551e+00
-5.000000000000000000e-01 5.000000596046447754e-01 -1.000000119209289551e+00
-5.000000000000000000e-01 -5.000000596046447754e-01 1.000000119209289551e+00
-5.000000000000000000e-01 4.999999701976776123e-01 1.000000119209289551e+00
5.000000000000000000e-01 -5.000000596046447754e-01 1.000000119209289551e+00
5.000000000000000000e-01 4.999999701976776123e-01 1.000000119209289551e+00
-1.000000119209289551e+00 1.000000119209289551e+00 5.000000596046447754e-01
-1.000000119209289551e+00 1.000000119209289551e+00 -4.999999701976776123e-01
-1.000000119209289551e+00 -1.000000119209289551e+00 -5.000000596046447754e-01
-1.000000119209289551e+00 -1.000000119209289551e+00 4.999999701976776123e-01
1.000000119209289551e+00 1.000000119209289551e+00 -4.999999701976776123e-01
1.000000119209289551e+00 1.000000119209289551e+00 5.000000596046447754e-01
1.000000119209289551e+00 -1.000000119209289551e+00 4.999999701976776123e-01
1.000000119209289551e+00 -1.000000119209289551e+00 -5.000000596046447754e-01
5.810256600379943848e-01 -1.000000119209289551e+00 5.810256004333496094e-01
5.810256600379943848e-01 -1.000000119209289551e+00 -5.810257196426391602e-01
-5.810256600379943848e-01 -1.000000119209289551e+00 5.810256004333496094e-01
-5.810256600379943848e-01 -1.000000119209289551e+00 -5.810257196426391602e-01
-5.810256600379943848e-01 1.000000119209289551e+00 5.810257196426391602e-01
-5.810256600379943848e-01 1.000000119209289551e+00 -5.810256004333496094e-01
5.810256600379943848e-01 1.000000119209289551e+00 5.810257196426391602e-01
5.810256600379943848e-01 1.000000119209289551e+00 -5.810256004333496094e-01
1.000000119209289551e+00 4.999999701976776123e-01 5.000000000000000000e-01
1.000000119209289551e+00 5.000000000000000000e-01 -4.999999701976776123e-01
1.000000119209289551e+00 -5.000000000000000000e-01 4.999999701976776123e-01
1.000000119209289551e+00 -4.999999701976776123e-01 -5.000000000000000000e-01
-1.000000119209289551e+00 5.000000000000000000e-01 -4.999999701976776123e-01
-1.000000119209289551e+00 4.999999701976776123e-01 5.000000000000000000e-01
-1.000000119209289551e+00 -4.999999701976776123e-01 -5.000000000000000000e-01
-1.000000119209289551e+00 -5.000000000000000000e-01 4.999999701976776123e-01
5.810256600379943848e-01 -4.999999701976776123e-01 -5.810256600379943848e-01
5.810256600379943848e-01 5.000000000000000000e-01 -5.810256600379943848e-01
-5.810256600379943848e-01 5.000000000000000000e-01 -5.810256600379943848e-01
-5.810256600379943848e-01 -4.999999701976776123e-01 -5.810256600379943848e-01
-5.810256600379943848e-01 4.999999701976776123e-01 5.810256600379943848e-01
-5.810256600379943848e-01 -5.000000000000000000e-01 5.810256600379943848e-01
5.810256600379943848e-01 4.999999701976776123e-01 5.810256600379943848e-01
5.810256600379943848e-01 -5.000000000000000000e-01 5.810256600379943848e-01
-1.000000119209289551e+00 1.000000119209289551e+00 -7.500000000000000000e-01
-1.000000119209289551e+00 -7.500000000000000000e-01 -1.000000119209289551e+00
-1.000000119209289551e+00 -1.000000119209289551e+00 7.500000000000000000e-01
-1.000000119209289551e+00 7.500000000000000000e-01 1.000000119209289551e+00
-7.500000596046447754e-01 1.000000119209289551e+00 1.000000119209289551e+00
7.500000596046447754e-01 -1.000000119209289551e+00 1.000000119209289551e+00
1.000000119209289551e+00 7.500000000000000000e-01 1.000000119209289551e+00
1.000000119209289551e+00 1.000000119209289551e+00 7.500001192092895508e-01
1.000000119209289551e+00 -1.000000119209289551e+00 -7.500001192092895508e-01
1.000000119209289551e+00 7.500001192092895508e-01 -1.000000119209289551e+00
7.500000596046447754e-01 1.000000119209289551e+00 -1.000000119209289551e+00
-7.500000596046447754e-01 -1.000000119209289551e+00 -1.000000119209289551e+00
7.500000596046447754e-01 1.000000119209289551e+00 1.000000119209289551e+00
0.000000000000000000e+00 1.000000119209289551e+00 1.000000119209289551e+00
-7.500000596046447754e-01 -1.000000119209289551e+00 1.000000119209289551e+00
0.000000000000000000e+00 -1.000000119209289551e+00 1.000000119209289551e+00
-7.500000596046447754e-01 1.000000119209289551e+00 -1.000000119209289551e+00
0.000000000000000000e+00 1.000000119209289551e+00 -1.000000119209289551e+00
7.500000596046447754e-01 -1.000000119209289551e+00 -1.000000119209289551e+00
0.000000000000000000e+00 -1.000000119209289551e+00 -1.000000119209289551e+00
5.810256600379943848e-01 -1.000000119209289551e+00 -8.715386390686035156e-01
-5.810256600379943848e-01 -1.000000119209289551e+00 -8.715386390686035156e-01
-5.810256600379943848e-01 1.000000119209289551e+00 -8.715385198593139648e-01
5.810256600379943848e-01 1.000000119209289551e+00 -8.715385198593139648e-01
5.000000000000000000e-01 7.500001192092895508e-01 -1.000000119209289551e+00
-5.000000000000000000e-01 7.500001192092895508e-01 -1.000000119209289551e+00
-5.000000000000000000e-01 7.500000000000000000e-01 1.000000119209289551e+00
5.000000000000000000e-01 7.500000000000000000e-01 1.000000119209289551e+00
-1.000000119209289551e+00 7.500001192092895508e-01 -1.000000119209289551e+00
-1.000000119209289551e+00 4.371139183945160767e-08 -1.000000119209289551e+00
-1.000000119209289551e+00 -7.500001192092895508e-01 1.000000119209289551e+00
-1.000000119209289551e+00 -4.371139183945160767e-08 1.000000119209289551e+00
1.000000119209289551e+00 -7.500001192092895508e-01 1.000000119209289551e+00
1.000000119209289551e+00 -4.371139183945160767e-08 1.000000119209289551e+00
1.000000119209289551e+00 -7.500000000000000000e-01 -1.000000119209289551e+00
1.000000119209289551e+00 4.371139183945160767e-08 -1.000000119209289551e+00
5.000000000000000000e-01 -7.500000000000000000e-01 -1.000000119209289551e+00
5.000000000000000000e-01 4.371139183945160767e-08 -1.000000119209289551e+00
-5.000000000000000000e-01 -7.500000000000000000e-01 -1.000000119209289551e+00
-5.000000000000000000e-01 4.371139183945160767e-08 -1.000000119209289551e+00
-5.000000000000000000e-01 -7.500001192092895508e-01 1.000000119209289551e+00
-5.000000000000000000e-01 -4.371139183945160767e-08 1.000000119209289551e+00
5.000000000000000000e-01 -7.500001192092895508e-01 1.000000119209289551e+00
5.000000000000000000e-01 -4.371139183945160767e-08 1.000000119209289551e+00
0.000000000000000000e+00 4.999999701976776123e-01 1.000000119209289551e+00
0.000000000000000000e+00 -5.000000596046447754e-01 1.000000119209289551e+00
-7.500000596046447754e-01 4.999999701976776123e-01 1.000000119209289551e+00
-7.500000596046447754e-01 -5.000000596046447754e-01 1.000000119209289551e+00
0.000000000000000000e+00 5.000000596046447754e-01 -1.000000119209289551e+00
0.000000000000000000e+00 -4.999999701976776123e-01 -1.000000119209289551e+00
7.500000596046447754e-01 5.000000596046447754e-01 -1.000000119209289551e+00
7.500000596046447754e-01 -4.999999701976776123e-01 -1.000000119209289551e+00
-7.500000596046447754e-01 5.000000596046447754e-01 -1.000000119209289551e+00
-7.500000596046447754e-01 -4.999999701976776123e-01 -1.000000119209289551e+00
1.000000119209289551e+00 5.000000596046447754e-01 -7.500000596046447754e-01
1.000000119209289551e+00 -4.999999701976776123e-01 -7.500000596046447754e-01
7.500000596046447754e-01 4.999999701976776123e-01 1.000000119209289551e+00
7.500000596046447754e-01 -5.000000596046447754e-01 1.000000119209289551e+00
-1.000000119209289551e+00 4.999999701976776123e-01 7.500000596046447754e-01
-1.000000119209289551e+00 -5.000000596046447754e-01 7.500000596046447754e-01
-1.000000119209289551e+00 1.000000119209289551e+00 7.500001192092895508e-01
-1.000000119209289551e+00 1.000000119209289551e+00 4.371139183945160767e-08
-1.000000119209289551e+00 -1.000000119209289551e+00 -7.500001192092895508e-01
-1.000000119209289551e+00 -1.000000119209289551e+00 -4.371139183945160767e-08
1.000000119209289551e+00 1.000000119209289551e+00 -7.500000000000000000e-01
1.000000119209289551e+00 1.000000119209289551e+00 4.371139183945160767e-08
1.000000119209289551e+00 -1.000000119209289551e+00 7.500000000000000000e-01
1.000000119209289551e+00 -1.000000119209289551e+00 -4.371139183945160767e-08
5.810256600379943848e-01 -1.000000119209289551e+00 8.715385198593139648e-01
5.810256600379943848e-01 -1.000000119209289551e+00 -4.322843949466914637e-08
-5.810256600379943848e-01 -1.000000119209289551e+00 8.715385198593139648e-01
-5.810256600379943848e-01 -1.000000119209289551e+00 -4.322843949466914637e-08
-5.810256600379943848e-01 1.000000119209289551e+00 8.715386390686035156e-01
-5.810256600379943848e-01 1.000000119209289551e+00 4.419434418423406896e-08
5.810256600379943848e-01 1.000000119209289551e+00 8.715386390686035156e-01
5.810256600379943848e-01 1.000000119209289551e+00 4.419434418423406896e-08
1.000000119209289551e+00 4.999999701976776123e-01 7.500000596046447754e-01
1.000000119209289551e+00 5.000000000000000000e-01 2.185569414336896443e-08
1.000000119209289551e+00 -5.000000596046447754e-01 7.500000596046447754e-01
1.000000119209289551e+00 -5.000000000000000000e-01 -2.185569414336896443e-08
-1.000000119209289551e+00 5.000000596046447754e-01 -7.500000596046447754e-01
-1.000000119209289551e+00 5.000000000000000000e-01 2.185569414336896443e-08
-1.000000119209289551e+00 -4.999999701976776123e-01 -7.500000596046447754e-01
-1.000000119209289551e+00 -5.000000000000000000e-01 -2.185569414336896443e-08
-1.000000119209289551e+00 2.185569414336896443e-08 -5.000000000000000000e-01
-1.000000119209289551e+00 -2.185569414336896443e-08 5.000000000000000000e-01
-1.000000119209289551e+00 7.500000596046447754e-01 -4.999999701976776123e-01
-1.000000119209289551e+00 7.500000596046447754e-01 5.000000596046447754e-01
1.000000119209289551e+00 -2.185569414336896443e-08 5.000000000000000000e-01
1.000000119209289551e+00 2.185569414336896443e-08 -5.000000000000000000e-01
1.000000119209289551e+00 7.500000596046447754e-01 5.000000596046447754e-01
1.000000119209289551e+00 7.500000596046447754e-01 -4.999999701976776123e-01
4.829505684256218956e-10 1.000000119209289551e+00 5.810257196426391602e-01
4.829505684256218956e-10 1.000000119209289551e+00 -5.810256004333496094e-01
-8.715385794639587402e-01 1.000000119209289551e+00 5.810257196426391602e-01
-8.715385794639587402e-01 1.000000119209289551e+00 -5.810256004333496094e-01
4.829505684256218956e-10 -1.000000119209289551e+00 5.810256004333496094e-01
4.829505684256218956e-10 -1.000000119209289551e+00 -5.810257196426391602e-01
8.715385794639587402e-01 -1.000000119209289551e+00 5.810256004333496094e-01
8.715385794639587402e-01 -1.000000119209289551e+00 -5.810257196426391602e-01
-8.715385794639587402e-01 -1.000000119209289551e+00 5.810256004333496094e-01
-8.715385794639587402e-01 -1.000000119209289551e+00 -5.810257196426391602e-01
8.715385794639587402e-01 1.000000119209289551e+00 5.810257196426391602e-01
8.715385794639587402e-01 1.000000119209289551e+00 -5.810256004333496094e-01
1.000000119209289551e+00 -7.500000596046447754e-01 4.999999701976776123e-01
1.000000119209289551e+00 -7.500000596046447754e-01 -5.000000596046447754e-01
-1.000000119209289551e+00 -7.500000596046447754e-01 -5.000000596046447754e-01
-1.000000119209289551e+00 -7.500000596046447754e-01 4.999999701976776123e-01
5.810256600379943848e-01 7.500000596046447754e-01 -5.810256004333496094e-01
-5.810256600379943848e-01 -7.500000596046447754e-01 -5.810257196426391602e-01
-5.810256600379943848e-01 -7.500000596046447754e-01 5.810256004333496094e-01
5.810256600379943848e-01 -7.500000596046447754e-01 5.810256004333496094e-01
5.810256600379943848e-01 -7.500000596046447754e-01 -5.810257196426391602e-01
5.810256600379943848e-01 2.539743881868616882e-08 -5.810256600379943848e-01
-5.810256600379943848e-01 7.500000596046447754e-01 -5.810256004333496094e-01
-5.810256600379943848e-01 2.539743881868616882e-08 -5.810256600379943848e-01
-5.810256600379943848e-01 7.500000596046447754e-01 5.810257196426391602e-01
-5.810256600379943848e-01 -2.539743881868616882e-08 5.810256600379943848e-01
5.810256600379943848e-01 7.500000596046447754e-01 5.810257196426391602e-01
5.810256600379943848e-01 -2.539743881868616882e-08 5.810256600379943848e-01
5.810256600379943848e-01 5.000000000000000000e-01 2.233864471179458633e-08
5.810256600379943848e-01 -5.000000000000000000e-01 -2.137274357494334254e-08
4.829505684256218956e-10 4.999999701976776123e-01 5.810256600379943848e-01
4.829505684256218956e-10 -5.000000000000000000e-01 5.810256600379943848e-01
4.829505684256218956e-10 5.000000000000000000e-01 -5.810256600379943848e-01
4.829505684256218956e-10 -4.999999701976776123e-01 -5.810256600379943848e-01
-5.810256600379943848e-01 5.000000000000000000e-01 2.233864471179458633e-08
-5.810256600379943848e-01 -5.000000000000000000e-01 -2.137274357494334254e-08
-1.000000119209289551e+00 -7.500000596046447754e-01 7.499999403953552246e-01
7.500000596046447754e-01 -7.500001788139343262e-01 9.999999403953552246e-01
1.000000000000000000e+00 -7.500000596046447754e-01 -7.500001192092895508e-01
-7.500000000000000000e-01 -7.499999403953552246e-01 -1.000000119209289551e+00
8.715386390686035156e-01 1.000000000000000000e+00 -8.715385198593139648e-01
-8.715386390686035156e-01 -9.999999403953552246e-01 -8.715386390686035156e-01
8.715386986732482910e-01 -9.999999403953552246e-01 -8.715386390686035156e-01
4.829505684256218956e-10 -9.999999403953552246e-01 -8.715386390686035156e-01
-8.715386986732482910e-01 1.000000000000000000e+00 -8.715385198593139648e-01
4.829505684256218956e-10 1.000000000000000000e+00 -8.715385198593139648e-01
7.500001192092895508e-01 -7.500000596046447754e-01 -1.000000000000000000e+00
0.000000000000000000e+00 -7.499999403953552246e-01 -1.000000119209289551e+00
-7.500000596046447754e-01 -7.500000596046447754e-01 1.000000119209289551e+00
0.000000000000000000e+00 -7.500000596046447754e-01 1.000000119209289551e+00
0.000000000000000000e+00 7.499999403953552246e-01 1.000000119209289551e+00
0.000000000000000000e+00 -5.116197243637543579e-08 1.000000119209289551e+00
-7.500000596046447754e-01 7.499999403953552246e-01 1.000000119209289551e+00
-7.500000596046447754e-01 -5.116197243637543579e-08 1.000000119209289551e+00
0.000000000000000000e+00 7.500000596046447754e-01 -1.000000119209289551e+00
0.000000000000000000e+00 3.626081124252777954e-08 -1.000000119209289551e+00
7.500001192092895508e-01 7.500002384185791016e-01 -9.999999403953552246e-01
7.500000596046447754e-01 3.626081124252777954e-08 -1.000000119209289551e+00
-7.500000000000000000e-01 7.500000596046447754e-01 -1.000000119209289551e+00
-7.500000000000000000e-01 3.626081124252777954e-08 -1.000000119209289551e+00
1.000000000000000000e+00 7.500002384185791016e-01 -7.500000000000000000e-01
1.000000119209289551e+00 2.533295884177277912e-08 -7.500000000000000000e-01
7.500000596046447754e-01 7.500001192092895508e-01 1.000000000000000000e+00
7.500000000000000000e-01 -5.116197243637543579e-08 1.000000119209289551e+00
-1.000000119209289551e+00 7.499999403953552246e-01 7.500000596046447754e-01
-1.000000119209289551e+00 -4.023412003562043537e-08 7.500000000000000000e-01
-1.000000119209289551e+00 2.533296239448645792e-08 -7.500000596046447754e-01
-1.000000119209289551e+00 -7.450580596923828125e-09 -3.256752214337731068e-16
-1.000000119209289551e+00 7.500000596046447754e-01 -7.500000000000000000e-01
-1.000000119209289551e+00 7.500000000000000000e-01 3.278353943869660725e-08
1.000000119209289551e+00 -4.023412358833411417e-08 7.500000596046447754e-01
1.000000119209289551e+00 -7.450580596923828125e-09 -3.256752214337731068e-16
1.000000000000000000e+00 7.500001192092895508e-01 7.500001788139343262e-01
1.000000119209289551e+00 7.500000000000000000e-01 3.278353943869660725e-08
4.829505684256218956e-10 9.999999403953552246e-01 8.715386986732482910e-01
-5.810256600379943848e-01 -7.500000596046447754e-01 -3.230059064662782475e-08
-8.715386986732482910e-01 9.999999403953552246e-01 8.715386986732482910e-01
-8.715386986732482910e-01 1.000000000000000000e+00 4.744107329202051915e-08
4.829505684256218956e-10 -1.000000000000000000e+00 8.715385794639587402e-01
4.829505684256218956e-10 -7.500000596046447754e-01 -5.810257196426391602e-01
8.715386986732482910e-01 -1.000000000000000000e+00 8.715385794639587402e-01
8.715386986732482910e-01 -1.000000000000000000e+00 -3.998170328145533858e-08
-8.715386390686035156e-01 -1.000000000000000000e+00 8.715385794639587402e-01
-8.715386390686035156e-01 -1.000000000000000000e+00 -3.998170328145533858e-08
8.715386390686035156e-01 9.999999403953552246e-01 8.715386986732482910e-01
8.715386390686035156e-01 1.000000000000000000e+00 4.744107329202051915e-08
1.000000000000000000e+00 -7.500001788139343262e-01 7.500000596046447754e-01
1.000000119209289551e+00 -7.500000000000000000e-01 -3.278353943869660725e-08
-1.000000119209289551e+00 -7.499999403953552246e-01 -7.500001192092895508e-01
-1.000000119209289551e+00 -7.500000000000000000e-01 -3.278353943869660725e-08
4.829505684256218956e-10 -7.500000596046447754e-01 5.810256004333496094e-01
5.810256600379943848e-01 -7.500000596046447754e-01 -3.230059064662782475e-08
5.810256600379943848e-01 7.500001192092895508e-01 3.326649533619274735e-08
5.810256600379943848e-01 3.573408864223850826e-16 -8.175006449562260968e-09
4.829505684256218956e-10 7.500001192092895508e-01 5.810257196426391602e-01
9.140907586413504760e-09 -2.539743881868616882e-08 5.810256600379943848e-01
4.829505684256218956e-10 7.500001192092895508e-01 -5.810256004333496094e-01
-8.175006449562260968e-09 2.539743881868616882e-08 -5.810256600379943848e-01
-5.810256600379943848e-01 7.500001192092895508e-01 3.326649533619274735e-08
-5.810256600379943848e-01 -3.995617730738677169e-16 9.140907586413504760e-09
-1.000000119209289551e+00 -6.250000000000000000e-01 6.250000596046447754e-01
-1.000000119209289551e+00 -8.750000596046447754e-01 6.249999403953552246e-01
-1.000000119209289551e+00 -8.750001192092895508e-01 8.750000000000000000e-01
-1.000000119209289551e+00 -6.250000000000000000e-01 8.750001192092895508e-01
6.250000000000000000e-01 -6.250000596046447754e-01 1.000000000000000000e+00
6.250001192092895508e-01 -8.750002384185791016e-01 1.000000119209289551e+00
8.750000000000000000e-01 -8.750001192092895508e-01 1.000000119209289551e+00
8.750001192092895508e-01 -6.250001192092895508e-01 1.000000238418579102e+00
1.000000000000000000e+00 -6.250000000000000000e-01 -6.250000000000000000e-01
1.000000119209289551e+00 -8.750001788139343262e-01 -6.250001788139343262e-01
1.000000119209289551e+00 -8.750000000000000000e-01 -8.750000596046447754e-01
1.000000238418579102e+00 -6.250000000000000000e-01 -8.750001192092895508e-01
-6.250000596046447754e-01 -6.249999403953552246e-01 -1.000000119209289551e+00
-6.250000000000000000e-01 -8.750000000000000000e-01 -1.000000119209289551e+00
-8.750000596046447754e-01 -8.750000000000000000e-01 -1.000000119209289551e+00
-8.750001192092895508e-01 -6.249998807907104492e-01 -1.000000119209289551e+00
7.262820601463317871e-01 1.000000000000000000e+00 -7.262820005416870117e-01
8.750001788139343262e-01 1.000000119209289551e+00 -6.250000596046447754e-01
8.750000596046447754e-01 1.000000119209289551e+00 -8.749999403953552246e-01
6.250000596046447754e-01 1.000000238418579102e+00 -8.750000596046447754e-01
-7.262820601463317871e-01 -9.999999403953552246e-01 -7.262821197509765625e-01
-8.750001788139343262e-01 -1.000000119209289551e+00 -6.250001788139343262e-01
-8.750000596046447754e-01 -1.000000119209289551e+00 -8.750000596046447754e-01
-6.250000596046447754e-01 -1.000000238418579102e+00 -8.750001788139343262e-01
8.750001192092895508e-01 -1.000000119209289551e+00 -6.250000596046447754e-01
7.262821197509765625e-01 -1.000000119209289551e+00 -7.262821793556213379e-01
6.250000000000000000e-01 -1.000000119209289551e+00 -8.750001192092895508e-01
8.750001192092895508e-01 -1.000000119209289551e+00 -8.750001788139343262e-01
2.905128300189971924e-01 -1.000000119209289551e+00 -7.262821793556213379e-01
-2.905128300189971924e-01 -1.000000119209289551e+00 -7.262821793556213379e-01
-2.500000000000000000e-01 -1.000000119209289551e+00 -8.750002384185791016e-01
2.500000000000000000e-01 -1.000000119209289551e+00 -8.750002384185791016e-01
-8.750001192092895508e-01 1.000000119209289551e+00 -6.249999403953552246e-01
-7.262821197509765625e-01 1.000000119209289551e+00 -7.262820601463317871e-01
-6.250000000000000000e-01 1.000000119209289551e+00 -8.750000000000000000e-01
-8.750001192092895508e-01 1.000000119209289551e+00 -8.750000596046447754e-01
-2.905128300189971924e-01 1.000000119209289551e+00 -7.262820601463317871e-01
2.905128300189971924e-01 1.000000119209289551e+00 -7.262820601463317871e-01
2.500000000000000000e-01 1.000000119209289551e+00 -8.750001192092895508e-01
-2.500000000000000000e-01 1.000000119209289551e+00 -8.750001192092895508e-01
8.750000000000000000e-01 -6.249999403953552246e-01 -1.000000000000000000e+00
8.750001192092895508e-01 -8.750000596046447754e-01 -1.000000119209289551e+00
6.250000000000000000e-01 -8.750000596046447754e-01 -1.000000119209289551e+00
6.249999403953552246e-01 -6.249998807907104492e-01 -1.000000000000000000e+00
2.500000298023223877e-01 -6.250000000000000000e-01 -1.000000238418579102e+00
2.499999850988388062e-01 -8.749999403953552246e-01 -1.000000119209289551e+00
-2.500000000000000000e-01 -8.750000596046447754e-01 -1.000000238418579102e+00
-2.500000298023223877e-01 -6.250000000000000000e-01 -1.000000238418579102e+00
-8.750001788139343262e-01 -6.250001192092895508e-01 1.000000119209289551e+00
-8.750000596046447754e-01 -8.750000596046447754e-01 1.000000119209289551e+00
-6.250000596046447754e-01 -8.750001192092895508e-01 1.000000238418579102e+00
-6.249999403953552246e-01 -6.250000000000000000e-01 1.000000119209289551e+00
-2.500000298023223877e-01 -6.250001192092895508e-01 1.000000238418579102e+00
-2.499999850988388062e-01 -8.750000596046447754e-01 1.000000119209289551e+00
2.500000000000000000e-01 -8.750001788139343262e-01 1.000000238418579102e+00
2.500000298023223877e-01 -6.250001192092895508e-01 1.000000238418579102e+00
-2.499999850988388062e-01 8.749999403953552246e-01 1.000000119209289551e+00
-2.500000298023223877e-01 6.250000000000000000e-01 1.000000238418579102e+00
2.500000298023223877e-01 6.250000000000000000e-01 1.000000238418579102e+00
2.500000000000000000e-01 8.750001192092895508e-01 1.000000238418579102e+00
-2.500000000000000000e-01 2.499999552965164185e-01 1.000000119209289551e+00
-2.500000000000000000e-01 -2.500000298023223877e-01 1.000000119209289551e+00
2.500000000000000000e-01 -2.500000298023223877e-01 1.000000119209289551e+00
2.500000000000000000e-01 2.499999552965164185e-01 1.000000119209289551e+00
-8.750000596046447754e-01 8.750000000000000000e-01 1.000000119209289551e+00
-8.750001788139343262e-01 6.250000000000000000e-01 1.000000119209289551e+00
-6.249999403953552246e-01 6.249998807907104492e-01 1.000000119209289551e+00
-6.250000596046447754e-01 8.750000596046447754e-01 1.000000238418579102e+00
-8.750001192092895508e-01 2.499999552965164185e-01 1.000000119209289551e+00
-8.750001192092895508e-01 -2.500000298023223877e-01 1.000000119209289551e+00
-6.250000596046447754e-01 -2.500000298023223877e-01 1.000000119209289551e+00
-6.250000596046447754e-01 2.499999552965164185e-01 1.000000119209289551e+00
2.499999850988388062e-01 8.750000596046447754e-01 -1.000000119209289551e+00
2.500000298023223877e-01 6.250001192092895508e-01 -1.000000238418579102e+00
-2.500000298023223877e-01 6.250001192092895508e-01 -1.000000238418579102e+00
-2.500000000000000000e-01 8.750002384185791016e-01 -1.000000238418579102e+00
2.500000000000000000e-01 2.500000298023223877e-01 -1.000000119209289551e+00
2.500000000000000000e-01 -2.499999552965164185e-01 -1.000000119209289551e+00
-2.500000000000000000e-01 -2.499999552965164185e-01 -1.000000119209289551e+00
-2.500000000000000000e-01 2.500000298023223877e-01 -1.000000119209289551e+00
8.750000000000000000e-01 8.750000596046447754e-01 -9.999999403953552246e-01
8.750000596046447754e-01 6.250000596046447754e-01 -1.000000000000000000e+00
6.250000596046447754e-01 6.250001788139343262e-01 -1.000000119209289551e+00
6.249999403953552246e-01 8.750001788139343262e-01 -9.999999403953552246e-01
8.750001192092895508e-01 2.500000298023223877e-01 -1.000000119209289551e+00
8.750001192092895508e-01 -2.499999552965164185e-01 -1.000000119209289551e+00
6.250000596046447754e-01 -2.499999552965164185e-01 -1.000000119209289551e+00
6.250000596046447754e-01 2.500000298023223877e-01 -1.000000119209289551e+00
-6.250000596046447754e-01 8.750001192092895508e-01 -1.000000119209289551e+00
-6.250000596046447754e-01 6.250000596046447754e-01 -1.000000119209289551e+00
-8.750000596046447754e-01 6.250000596046447754e-01 -1.000000119209289551e+00
-8.749999403953552246e-01 8.750000000000000000e-01 -9.999999403953552246e-01
-6.250000596046447754e-01 2.500000596046447754e-01 -1.000000238418579102e+00
-6.250000596046447754e-01 -2.499999850988388062e-01 -1.000000238418579102e+00
-8.750001192092895508e-01 -2.499999403953552246e-01 -1.000000119209289551e+00
-8.750001192092895508e-01 2.500000298023223877e-01 -1.000000119209289551e+00
1.000000119209289551e+00 8.750001192092895508e-01 -6.249999403953552246e-01
1.000000119209289551e+00 6.250000596046447754e-01 -6.250000596046447754e-01
1.000000119209289551e+00 6.250000596046447754e-01 -8.750000596046447754e-01
1.000000119209289551e+00 8.750001788139343262e-01 -8.750000596046447754e-01
1.000000238418579102e+00 2.500000596046447754e-01 -6.250000596046447754e-01
1.000000238418579102e+00 -2.500000000000000000e-01 -6.250000596046447754e-01
1.000000119209289551e+00 -2.499999403953552246e-01 -8.750001192092895508e-01
1.000000119209289551e+00 2.500000298023223877e-01 -8.750001192092895508e-01
6.250000000000000000e-01 8.750000596046447754e-01 1.000000119209289551e+00
6.250000596046447754e-01 6.250000000000000000e-01 1.000000119209289551e+00
8.750000596046447754e-01 6.249999403953552246e-01 1.000000119209289551e+00
8.750001192092895508e-01 8.750000596046447754e-01 1.000000119209289551e+00
6.250000596046447754e-01 2.499999850988388062e-01 1.000000238418579102e+00
6.250000596046447754e-01 -2.500000596046447754e-01 1.000000238418579102e+00
8.750001192092895508e-01 -2.500000298023223877e-01 1.000000119209289551e+00
8.750001192092895508e-01 2.499999403953552246e-01 1.000000119209289551e+00
-1.000000119209289551e+00 8.750000596046447754e-01 6.250001192092895508e-01
-1.000000119209289551e+00 6.250000000000000000e-01 6.250000596046447754e-01
-1.000000119209289551e+00 6.249999403953552246e-01 8.750000596046447754e-01
-1.000000000000000000e+00 8.749998807907104492e-01 8.750000000000000000e-01
-1.000000238418579102e+00 2.500000000000000000e-01 6.250000596046447754e-01
-1.000000238418579102e+00 -2.500000596046447754e-01 6.250000596046447754e-01
-1.000000119209289551e+00 -2.500000298023223877e-01 8.750001192092895508e-01
-1.000000119209289551e+00 2.499999403953552246e-01 8.750001192092895508e-01
-1.000000119209289551e+00 2.500000298023223877e-01 -8.750001192092895508e-01
-1.000000119209289551e+00 -2.499999552965164185e-01 -8.750001192092895508e-01
-1.000000119209289551e+00 -2.499999701976776123e-01 -6.250000596046447754e-01
-1.000000119209289551e+00 2.500000298023223877e-01 -6.250000596046447754e-01
-1.000000119209289551e+00 2.500000000000000000e-01 -2.499999850988388062e-01
-1.000000119209289551e+00 -2.499999850988388062e-01 -2.500000000000000000e-01
-1.000000119209289551e+00 -2.500000000000000000e-01 2.499999850988388062e-01
-1.000000119209289551e+00 2.499999850988388062e-01 2.500000000000000000e-01
-1.000000119209289551e+00 8.750001192092895508e-01 -8.750000000000000000e-01
-1.000000119209289551e+00 6.250001192092895508e-01 -8.750001788139343262e-01
-1.000000119209289551e+00 6.249999403953552246e-01 -6.249999403953552246e-01
-1.000000238418579102e+00 8.750001192092895508e-01 -6.250000000000000000e-01
-1.000000119209289551e+00 8.750000000000000000e-01 -2.499999403953552246e-01
-1.000000238418579102e+00 6.250000596046447754e-01 -2.500000000000000000e-01
-1.000000238418579102e+00 6.250000596046447754e-01 2.500000596046447754e-01
-1.000000238418579102e+00 8.750001788139343262e-01 2.500000298023223877e-01
1.000000119209289551e+00 2.499999552965164185e-01 8.750001192092895508e-01
1.000000119209289551e+00 -2.500000298023223877e-01 8.750001192092895508e-01
1.000000119209289551e+00 -2.500000298023223877e-01 6.250000596046447754e-01
1.000000119209289551e+00 2.499999701976776123e-01 6.250000596046447754e-01
1.000000119209289551e+00 2.499999850988388062e-01 2.500000000000000000e-01
1.000000119209289551e+00 -2.500000000000000000e-01 2.499999850988388062e-01
1.000000119209289551e+00 -2.499999850988388062e-01 -2.500000000000000000e-01
1.000000119209289551e+00 2.500000000000000000e-01 -2.499999850988388062e-01
1.000000000000000000e+00 8.749999403953552246e-01 8.750000596046447754e-01
1.000000000000000000e+00 6.249999403953552246e-01 8.750000596046447754e-01
1.000000119209289551e+00 6.250001192092895508e-01 6.250000596046447754e-01
1.000000000000000000e+00 8.750001192092895508e-01 6.250000000000000000e-01
1.000000119209289551e+00 8.750000000000000000e-01 2.500000298023223877e-01
1.000000238418579102e+00 6.250000596046447754e-01 2.500000596046447754e-01
1.000000238418579102e+00 6.250000596046447754e-01 -2.500000000000000000e-01
1.000000238418579102e+00 8.750001788139343262e-01 -2.499999552965164185e-01
-2.500000298023223877e-01 1.000000238418579102e+00 8.750002384185791016e-01
2.500000298023223877e-01 1.000000238418579102e+00 8.750002384185791016e-01
2.905128002166748047e-01 1.000000119209289551e+00 7.262821197509765625e-01
-2.905128002166748047e-01 1.000000119209289551e+00 7.262821197509765625e-01
-5.810256600379943848e-01 -6.250000596046447754e-01 -2.905128598213195801e-01
-5.810256600379943848e-01 -6.250000596046447754e-01 2.905128002166748047e-01
-5.810256600379943848e-01 -8.750001788139343262e-01 2.905128002166748047e-01
-5.810256600379943848e-01 -8.750001788139343262e-01 -2.905128598213195801e-01
-8.750000000000000000e-01 9.999999403953552246e-01 8.750000596046447754e-01
-6.250000000000000000e-01 9.999999403953552246e-01 8.750001192092895508e-01
-7.262822389602661133e-01 1.000000119209289551e+00 7.262821793556213379e-01
-8.750001192092895508e-01 1.000000000000000000e+00 6.250000000000000000e-01
-8.750001192092895508e-01 1.000000119209289551e+00 2.500000596046447754e-01
-7.262821197509765625e-01 1.000000119209289551e+00 2.905128300189971924e-01
-7.262821197509765625e-01 1.000000119209289551e+00 -2.905127704143524170e-01
-8.750001192092895508e-01 1.000000238418579102e+00 -2.499999850988388062e-01
2.500000298023223877e-01 -1.000000238418579102e+00 8.750001192092895508e-01
-2.500000298023223877e-01 -1.000000238418579102e+00 8.750001192092895508e-01
-2.905128002166748047e-01 -1.000000119209289551e+00 7.262820005416870117e-01
2.905128002166748047e-01 -1.000000119209289551e+00 7.262820005416870117e-01
2.905128300189971924e-01 -6.250000596046447754e-01 -5.810256600379943848e-01
-2.905128300189971924e-01 -6.250000596046447754e-01 -5.810256600379943848e-01
-2.905128300189971924e-01 -8.750001788139343262e-01 -5.810257196426391602e-01
2.905128300189971924e-01 -8.750001788139343262e-01 -5.810257196426391602e-01
8.750000000000000000e-01 -1.000000000000000000e+00 8.749999403953552246e-01
6.250000000000000000e-01 -1.000000000000000000e+00 8.750000000000000000e-01
7.262822389602661133e-01 -1.000000119209289551e+00 7.262820601463317871e-01
8.750001192092895508e-01 -1.000000000000000000e+00 6.249998807907104492e-01
8.750001192092895508e-01 -1.000000119209289551e+00 2.499999850988388062e-01
7.262821197509765625e-01 -1.000000119209289551e+00 2.905127704143524170e-01
7.262821197509765625e-01 -1.000000119209289551e+00 -2.905128300189971924e-01
8.750001192092895508e-01 -1.000000238418579102e+00 -2.500000596046447754e-01
-6.250000000000000000e-01 -1.000000000000000000e+00 8.749999403953552246e-01
-8.750001192092895508e-01 -1.000000119209289551e+00 8.750000596046447754e-01
-8.750001192092895508e-01 -1.000000119209289551e+00 6.249999403953552246e-01
-7.262820005416870117e-01 -1.000000000000000000e+00 7.262819409370422363e-01
-7.262820601463317871e-01 -1.000000119209289551e+00 2.905127704143524170e-01
-8.750001788139343262e-01 -1.000000238418579102e+00 2.499999850988388062e-01
-8.750001788139343262e-01 -1.000000238418579102e+00 -2.500000596046447754e-01
-7.262821197509765625e-01 -1.000000119209289551e+00 -2.905128598213195801e-01
6.250000000000000000e-01 9.999999403953552246e-01 8.750000596046447754e-01
8.750001192092895508e-01 1.000000119209289551e+00 8.750001788139343262e-01
8.750001192092895508e-01 1.000000119209289551e+00 6.250000596046447754e-01
7.262820005416870117e-01 9.999999403953552246e-01 7.262820601463317871e-01
7.262820601463317871e-01 1.000000119209289551e+00 2.905128300189971924e-01
8.750001788139343262e-01 1.000000238418579102e+00 2.500000596046447754e-01
8.750001788139343262e-01 1.000000238418579102e+00 -2.499999850988388062e-01
7.262821197509765625e-01 1.000000119209289551e+00 -2.905128002166748047e-01
1.000000000000000000e+00 -6.250000596046447754e-01 8.750000000000000000e-01
1.000000119209289551e+00 -8.750001788139343262e-01 8.750000596046447754e-01
1.000000119209289551e+00 -8.750001192092895508e-01 6.249999403953552246e-01
1.000000000000000000e+00 -6.249999403953552246e-01 6.249999403953552246e-01
1.000000238418579102e+00 -6.250000596046447754e-01 2.500000000000000000e-01
1.000000119209289551e+00 -8.750000000000000000e-01 2.499999403953552246e-01
1.000000238418579102e+00 -8.750001192092895508e-01 -2.500000298023223877e-01
1.000000238418579102e+00 -6.250000596046447754e-01 -2.500000596046447754e-01
-1.000000119209289551e+00 -6.250000000000000000e-01 -8.750001788139343262e-01
-1.000000119209289551e+00 -8.749999403953552246e-01 -8.750001192092895508e-01
-1.000000238418579102e+00 -8.750000596046447754e-01 -6.250001192092895508e-01
-1.000000119209289551e+00 -6.249999403953552246e-01 -6.249999403953552246e-01
-1.000000238418579102e+00 -6.250000596046447754e-01 -2.500000596046447754e-01
-1.000000119209289551e+00 -8.750000000000000000e-01 -2.500000298023223877e-01
-1.000000238418579102e+00 -8.750001192092895508e-01 2.499999552965164185e-01
-1.000000238418579102e+00 -6.250000596046447754e-01 2.500000000000000000e-01
-2.905128300189971924e-01 -6.250000596046447754e-01 5.810256600379943848e-01
2.905128300189971924e-01 -6.250000596046447754e-01 5.810256600379943848e-01
2.905128300189971924e-01 -8.750001788139343262e-01 5.810256004333496094e-01
-2.905128300189971924e-01 -8.750001788139343262e-01 5.810256004333496094e-01
5.810256600379943848e-01 -6.250000596046447754e-01 2.905128002166748047e-01
5.810256600379943848e-01 -6.250000596046447754e-01 -2.905128598213195801e-01
5.810256600379943848e-01 -8.750001788139343262e-01 -2.905128598213195801e-01
5.810256600379943848e-01 -8.750001788139343262e-01 2.905128002166748047e-01
5.810256600379943848e-01 8.750001788139343262e-01 2.905128896236419678e-01
5.810256600379943848e-01 8.750001788139343262e-01 -2.905128300189971924e-01
5.810256600379943848e-01 6.250000000000000000e-01 -2.905127704143524170e-01
5.810256600379943848e-01 6.250000000000000000e-01 2.905128300189971924e-01
5.810256600379943848e-01 2.499999850988388062e-01 2.905128300189971924e-01
5.810256600379943848e-01 2.500000000000000000e-01 -2.905128300189971924e-01
5.810256600379943848e-01 -2.499999850988388062e-01 -2.905128300189971924e-01
5.810256600379943848e-01 -2.500000000000000000e-01 2.905128300189971924e-01
-2.905128598213195801e-01 8.750001788139343262e-01 5.810257196426391602e-01
2.905128598213195801e-01 8.750001788139343262e-01 5.810257196426391602e-01
2.905128002166748047e-01 6.250000000000000000e-01 5.810256600379943848e-01
-2.905128002166748047e-01 6.250000000000000000e-01 5.810256600379943848e-01
-2.905128300189971924e-01 2.499999701976776123e-01 5.810256600379943848e-01
2.905128300189971924e-01 2.499999701976776123e-01 5.810256600379943848e-01
2.905128300189971924e-01 -2.500000298023223877e-01 5.810256600379943848e-01
-2.905128300189971924e-01 -2.500000298023223877e-01 5.810256600379943848e-01
2.905128598213195801e-01 8.750001788139343262e-01 -5.810256004333496094e-01
-2.905128598213195801e-01 8.750001788139343262e-01 -5.810256004333496094e-01
-2.905128002166748047e-01 6.250000000000000000e-01 -5.810256600379943848e-01
2.905128002166748047e-01 6.250000000000000000e-01 -5.810256600379943848e-01
2.905128300189971924e-01 2.500000298023223877e-01 -5.810256600379943848e-01
-2.905128300189971924e-01 2.500000298023223877e-01 -5.810256600379943848e-01
-2.905128300189971924e-01 -2.499999701976776123e-01 -5.810256600379943848e-01
2.905128300189971924e-01 -2.499999701976776123e-01 -5.810256600379943848e-01
-5.810256600379943848e-01 8.750001788139343262e-01 -2.905128300189971924e-01
-5.810256600379943848e-01 8.750001788139343262e-01 2.905128896236419678e-01
-5.810256600379943848e-01 6.250000000000000000e-01 2.905128300189971924e-01
-5.810256600379943848e-01 6.250000000000000000e-01 -2.905127704143524170e-01
-5.810256600379943848e-01 2.500000000000000000e-01 -2.905128300189971924e-01
-5.810256600379943848e-01 2.499999850988388062e-01 2.905128300189971924e-01
-5.810256600379943848e-01 -2.500000000000000000e-01 2.905128300189971924e-01
-5.810256600379943848e-01 -2.499999850988388062e-01 -2.905128300189971924e-01
