171 35 257
192 66 258
123 192 259
30 106 260
106 11 261
193 69 262
121 193 263
51 169 264
169 39 265
194 72 266
119 194 267
26 102 268
102 15 269
195 75 270
117 195 271
47 167 272
167 36 273
196 128 274
87 196 275
43 165 276
165 34 277
197 126 278
85 197 279
39 163 280
163 41 281
198 84 282
72 198 283
41 161 284
161 43 285
199 85 286
84 199 287
33 159 288
159 45 289
200 86 290
64 200 291
45 157 292
157 47 293
201 87 294
86 201 295
22 98 296
98 5 297
202 82 298
115 202 299
24 100 300
100 14 301
203 83 302
113 203 303
18 94 304
94 3 305
204 78 306
111 204 307
28 104 308
104 10 309
205 79 310
109 205 311
9 90 312
90 29 313
206 108 314
77 206 315
29 105 316
105 28 317
207 109 318
108 207 319
2 67 320
67 19 321
208 110 322
68 208 323
19 95 324
95 18 325
209 111 326
110 209 327
13 88 328
88 25 329
210 112 330
81 210 331
25 101 332
101 24 333
211 113 334
112 211 335
4 73 336
73 23 337
212 114 338
74 212 339
23 99 340
99 22 341
213 115 342
114 213 343
12 89 344
89 27 345
214 116 346
80 214 347
27 103 348
103 26 349
215 117 350
116 215 351
36 155 352
155 49 353
216 118 354
128 216 355
49 153 356
153 51 357
217 119 358
118 217 359
8 91 360
91 31 361
218 120 362
76 218 363
31 107 364
107 30 365
219 121 366
120 219 367
32 151 368
151 53 369
220 122 370
124 220 371
53 149 372
149 55 373
221 123 374
122 221 375
16 93 376
93 17 377
222 146 378
144 222 379
52 148 380
148 54 381
223 147 382
145 223 383
0 92 384
92 16 385
224 144 386
64 224 387
33 150 388
150 52 389
225 145 390
125 225 391
21 97 392
97 20 393
226 142 394
140 226 395
48 152 396
152 50 397
227 143 398
141 227 399
6 70 400
70 21 401
228 140 402
71 228 403
37 154 404
154 48 405
229 141 406
129 229 407
9 77 408
77 8 409
230 138 410
136 230 411
59 191 412
191 61 413
231 174 414
173 231 415
2 68 416
68 9 417
232 136 418
124 232 419
32 158 420
158 44 421
233 137 422
125 233 423
11 79 424
79 10 425
234 134 426
132 234 427
56 189 428
189 59 429
235 173 430
176 235 431
7 69 432
69 11 433
236 132 434
130 236 435
38 162 436
162 40 437
237 133 438
131 237 439
10 78 440
78 3 441
238 66 442
134 238 443
42 164 444
164 35 445
239 127 446
135 239 447
8 76 448
76 6 449
240 71 450
138 240 451
46 166 452
166 37 453
241 129 454
139 241 455
20 96 456
96 7 457
242 130 458
142 242 459
50 168 460
168 38 461
243 131 462
143 243 463
17 65 464
65 1 465
244 126 466
146 244 467
54 170 468
170 34 469
245 127 470
147 245 471
61 187 472
187 63 473
246 175 474
174 246 475
63 185 476
185 56 477
247 176 478
175 247 479
46 139 480
139 47 481
248 172 482
182 248 483
62 184 484
184 57 485
249 177 486
183 249 487
44 156 488
156 46 489
250 182 490
180 250 491
60 186 492
186 62 493
251 183 494
181 251 495
47 157 496
157 45 497
252 178 498
172 252 499
57 188 500
188 58 501
253 179 502
177 253 503
45 137 504
137 44 505
254 180 506
178 254 507
58 190 508
190 60 509
255 181 510
179 255 511
55 171 256
171 192 256
192 123 256
123 55 256
35 66 257
66 192 257
192 171 257
66 3 258
3 94 258
94 192 258
192 94 259
94 18 259
18 123 259
106 193 260
193 121 260
121 30 260
11 69 261
69 193 261
193 106 261
69 7 262
7 96 262
96 193 262
193 96 263
96 20 263
20 121 263
169 194 264
194 119 264
119 51 264
39 72 265
72 194 265
194 169 265
72 5 266
5 98 266
98 194 266
194 98 267
98 22 267
22 119 267
102 195 268
195 117 268
117 26 268
15 75 269
75 195 269
195 102 269
75 1 270
1 65 270
65 195 270
195 65 271
65 17 271
17 117 271
167 196 272
196 87 272
87 47 272
36 128 273
128 196 273
196 167 273
128 4 274
4 74 274
74 196 274
196 74 275
74 13 275
13 87 275
165 197 276
197 85 276
85 43 276
34 126 277
126 197 277
197 165 277
126 1 278
1 75 278
75 197 278
197 75 279
75 15 279
15 85 279
163 198 280
198 72 280
72 39 280
41 84 281
84 198 281
198 163 281
84 14 282
14 82 282
82 198 282
198 82 283
82 5 283
5 72 283
161 199 284
199 84 284
84 41 284
43 85 285
85 199 285
199 161 285
85 15 286
15 83 286
83 199 286
199 83 287
83 14 287
14 84 287
159 200 288
200 64 288
64 33 288
45 86 289
86 200 289
200 159 289
86 12 290
12 80 290
80 200 290
200 80 291
80 0 291
0 64 291
157 201 292
201 86 292
86 45 292
47 87 293
87 201 293
201 157 293
87 13 294
13 81 294
81 201 294
201 81 295
81 12 295
12 86 295
98 202 296
202 115 296
115 22 296
5 82 297
82 202 297
202 98 297
82 14 298
14 100 298
100 202 298
202 100 299
100 24 299
24 115 299
100 203 300
203 113 300
113 24 300
14 83 301
83 203 301
203 100 301
83 15 302
15 102 302
102 203 302
203 102 303
102 26 303
26 113 303
94 204 304
204 111 304
111 18 304
3 78 305
78 204 305
204 94 305
78 10 306
10 104 306
104 204 306
204 104 307
104 28 307
28 111 307
104 205 308
205 109 308
109 28 308
10 79 309
79 205 309
205 104 309
79 11 310
11 106 310
106 205 310
205 106 311
106 30 311
30 109 311
90 206 312
206 77 312
77 9 312
29 108 313
108 206 313
206 90 313
108 31 314
31 91 314
91 206 314
206 91 315
91 8 315
8 77 315
105 207 316
207 108 316
108 29 316
28 109 317
109 207 317
207 105 317
109 30 318
30 107 318
107 207 318
207 107 319
107 31 319
31 108 319
67 208 320
208 68 320
68 2 320
19 110 321
110 208 321
208 67 321
110 29 322
29 90 322
90 208 322
208 90 323
90 9 323
9 68 323
95 209 324
209 110 324
110 19 324
18 111 325
111 209 325
209 95 325
111 28 326
28 105 326
105 209 326
209 105 327
105 29 327
29 110 327
88 210 328
210 81 328
81 13 328
25 112 329
112 210 329
210 88 329
112 27 330
27 89 330
89 210 330
210 89 331
89 12 331
12 81 331
101 211 332
211 112 332
112 25 332
24 113 333
113 211 333
211 101 333
113 26 334
26 103 334
103 211 334
211 103 335
103 27 335
27 112 335
73 212 336
212 74 336
74 4 336
23 114 337
114 212 337
212 73 337
114 25 338
25 88 338
88 212 338
212 88 339
88 13 339
13 74 339
99 213 340
213 114 340
114 23 340
22 115 341
115 213 341
213 99 341
115 24 342
24 101 342
101 213 342
213 101 343
101 25 343
25 114 343
89 214 344
214 80 344
80 12 344
27 116 345
116 214 345
214 89 345
116 16 346
16 92 346
92 214 346
214 92 347
92 0 347
0 80 347
103 215 348
215 116 348
116 27 348
26 117 349
117 215 349
215 103 349
117 17 350
17 93 350
93 215 350
215 93 351
93 16 351
16 116 351
155 216 352
216 128 352
128 36 352
49 118 353
118 216 353
216 155 353
118 23 354
23 73 354
73 216 354
216 73 355
73 4 355
4 128 355
153 217 356
217 118 356
118 49 356
51 119 357
119 217 357
217 153 357
119 22 358
22 99 358
99 217 358
217 99 359
99 23 359
23 118 359
91 218 360
218 76 360
76 8 360
31 120 361
120 218 361
218 91 361
120 21 362
21 70 362
70 218 362
218 70 363
70 6 363
6 76 363
107 219 364
219 120 364
120 31 364
30 121 365
121 219 365
219 107 365
121 20 366
20 97 366
97 219 366
219 97 367
97 21 367
21 120 367
151 220 368
220 124 368
124 32 368
53 122 369
122 220 369
220 151 369
122 19 370
19 67 370
67 220 370
220 67 371
67 2 371
2 124 371
149 221 372
221 122 372
122 53 372
55 123 373
123 221 373
221 149 373
123 18 374
18 95 374
95 221 374
221 95 375
95 19 375
19 122 375
93 222 376
222 144 376
144 16 376
17 146 377
146 222 377
222 93 377
146 54 378
54 148 378
148 222 378
222 148 379
148 52 379
52 144 379
148 223 380
223 145 380
145 52 380
54 147 381
147 223 381
223 148 381
147 55 382
55 149 382
149 223 382
223 149 383
149 53 383
53 145 383
92 224 384
224 64 384
64 0 384
16 144 385
144 224 385
224 92 385
144 52 386
52 150 386
150 224 386
224 150 387
150 33 387
33 64 387
150 225 388
225 125 388
125 33 388
52 145 389
145 225 389
225 150 389
145 53 390
53 151 390
151 225 390
225 151 391
151 32 391
32 125 391
97 226 392
226 140 392
140 21 392
20 142 393
142 226 393
226 97 393
142 50 394
50 152 394
152 226 394
226 152 395
152 48 395
48 140 395
152 227 396
227 141 396
141 48 396
50 143 397
143 227 397
227 152 397
143 51 398
51 153 398
153 227 398
227 153 399
153 49 399
49 141 399
70 228 400
228 71 400
71 6 400
21 140 401
140 228 401
228 70 401
140 48 402
48 154 402
154 228 402
228 154 403
154 37 403
37 71 403
154 229 404
229 129 404
129 37 404
48 141 405
141 229 405
229 154 405
141 49 406
49 155 406
155 229 406
229 155 407
155 36 407
36 129 407
77 230 408
230 136 408
136 9 408
8 138 409
138 230 409
230 77 409
138 46 410
46 156 410
156 230 410
230 156 411
156 44 411
44 136 411
191 231 412
231 173 412
173 59 412
61 174 413
174 231 413
231 191 413
174 42 414
42 135 414
135 231 414
231 135 415
135 43 415
43 173 415
68 232 416
232 124 416
124 2 416
9 136 417
136 232 417
232 68 417
136 44 418
44 158 418
158 232 418
232 158 419
158 32 419
32 124 419
158 233 420
233 125 420
125 32 420
44 137 421
137 233 421
233 158 421
137 45 422
45 159 422
159 233 422
233 159 423
159 33 423
33 125 423
79 234 424
234 132 424
132 11 424
10 134 425
134 234 425
234 79 425
134 42 426
42 160 426
160 234 426
234 160 427
160 40 427
40 132 427
189 235 428
235 176 428
176 56 428
59 173 429
173 235 429
235 189 429
173 43 430
43 161 430
161 235 430
235 161 431
161 41 431
41 176 431
69 236 432
236 130 432
130 7 432
11 132 433
132 236 433
236 69 433
132 40 434
40 162 434
162 236 434
236 162 435
162 38 435
38 130 435
162 237 436
237 131 436
131 38 436
40 133 437
133 237 437
237 162 437
133 41 438
41 163 438
163 237 438
237 163 439
163 39 439
39 131 439
78 238 440
238 134 440
134 10 440
3 66 441
66 238 441
238 78 441
66 35 442
35 164 442
164 238 442
238 164 443
164 42 443
42 134 443
164 239 444
239 135 444
135 42 444
35 127 445
127 239 445
239 164 445
127 34 446
34 165 446
165 239 446
239 165 447
165 43 447
43 135 447
76 240 448
240 138 448
138 8 448
6 71 449
71 240 449
240 76 449
71 37 450
37 166 450
166 240 450
240 166 451
166 46 451
46 138 451
166 241 452
241 139 452
139 46 452
37 129 453
129 241 453
241 166 453
129 36 454
36 167 454
167 241 454
241 167 455
167 47 455
47 139 455
96 242 456
242 142 456
142 20 456
7 130 457
130 242 457
242 96 457
130 38 458
38 168 458
168 242 458
242 168 459
168 50 459
50 142 459
168 243 460
243 143 460
143 50 460
38 131 461
131 243 461
243 168 461
131 39 462
39 169 462
169 243 462
243 169 463
169 51 463
51 143 463
65 244 464
244 146 464
146 17 464
1 126 465
126 244 465
244 65 465
126 34 466
34 170 466
170 244 466
244 170 467
170 54 467
54 146 467
170 245 468
245 147 468
147 54 468
34 127 469
127 245 469
245 170 469
127 35 470
35 171 470
171 245 470
245 171 471
171 55 471
55 147 471
187 246 472
246 174 472
174 61 472
63 175 473
175 246 473
246 187 473
175 40 474
40 160 474
160 246 474
246 160 475
160 42 475
42 174 475
185 247 476
247 175 476
175 63 476
56 176 477
176 247 477
247 185 477
176 41 478
41 133 478
133 247 478
247 133 479
133 40 479
40 175 479
139 248 480
248 182 480
182 46 480
47 172 481
172 248 481
248 139 481
172 57 482
57 184 482
184 248 482
248 184 483
184 62 483
62 182 483
184 249 484
249 183 484
183 62 484
57 177 485
177 249 485
249 184 485
177 56 486
56 185 486
185 249 486
249 185 487
185 63 487
63 183 487
156 250 488
250 180 488
180 44 488
46 182 489
182 250 489
250 156 489
182 62 490
62 186 490
186 250 490
250 186 491
186 60 491
60 180 491
186 251 492
251 181 492
181 60 492
62 183 493
183 251 493
251 186 493
183 63 494
63 187 494
187 251 494
251 187 495
187 61 495
61 181 495
157 252 496
252 172 496
172 47 496
45 178 497
178 252 497
252 157 497
178 58 498
58 188 498
188 252 498
252 188 499
188 57 499
57 172 499
188 253 500
253 177 500
177 57 500
58 179 501
179 253 501
253 188 501
179 59 502
59 189 502
189 253 502
253 189 503
189 56 503
56 177 503
137 254 504
254 178 504
178 45 504
44 180 505
180 254 505
254 137 505
180 60 506
60 190 506
190 254 506
254 190 507
190 58 507
58 178 507
190 255 508
255 179 508
179 58 508
60 181 509
181 255 509
255 190 509
181 61 510
61 191 510
191 255 510
255 191 511
191 59 511
59 179 511
