215 16 359
55 24 199
231 32 295
71 15 135
216 63 487
208 71 423
79 0 56
87 8 79
95 9 87
103 10 95
111 11 103
119 12 111
127 13 119
135 14 127
239 4 216
247 39 239
255 38 247
263 37 255
271 36 263
279 35 271
287 34 279
295 33 287
143 6 40
151 31 143
159 30 151
167 29 159
175 28 167
183 27 175
191 26 183
199 25 191
303 2 200
311 23 303
319 22 311
327 21 319
335 20 327
343 19 335
351 18 343
359 17 351
16 184 17
192 185 184
193 186 185
194 187 186
195 188 187
196 189 188
197 190 189
198 191 190
17 176 18
184 177 176
181 189 497
186 179 178
187 180 179
188 181 180
145 153 498
190 183 182
18 168 19
176 169 168
177 170 169
178 171 170
179 172 171
180 173 172
181 174 173
182 175 174
19 160 20
168 161 160
169 162 161
170 163 162
171 164 163
172 165 164
173 166 165
174 167 166
20 152 21
160 153 152
161 154 153
162 155 154
163 156 155
164 157 156
165 158 157
166 159 158
21 144 22
152 145 144
149 157 499
154 147 146
155 148 147
156 149 148
273 281 500
158 151 150
22 136 23
144 137 136
145 138 137
146 139 138
147 140 139
148 141 140
149 142 141
150 143 142
23 47 2
136 46 47
137 45 46
138 44 45
139 43 44
140 42 43
141 41 42
142 40 41
32 120 33
128 121 120
129 122 121
130 123 122
131 124 123
132 125 124
133 126 125
134 127 126
33 112 34
120 113 112
117 125 489
122 115 114
123 116 115
124 117 116
81 89 490
126 119 118
34 104 35
112 105 104
113 106 105
114 107 106
115 108 107
116 109 108
117 110 109
118 111 110
35 96 36
104 97 96
105 98 97
106 99 98
107 100 99
108 101 100
109 102 101
110 103 102
36 88 37
96 89 88
97 90 89
98 91 90
99 92 91
100 93 92
101 94 93
102 95 94
37 80 38
88 81 80
85 93 491
90 83 82
91 84 83
92 85 84
465 473 492
94 87 86
38 72 39
80 73 72
81 74 73
82 75 74
83 76 75
84 77 76
85 78 77
86 79 78
39 63 4
72 62 63
73 61 62
74 60 61
75 59 60
76 58 59
77 57 58
78 56 57
367 5 231
375 64 367
383 65 375
391 66 383
399 67 391
407 68 399
415 69 407
423 70 415
431 0 207
439 56 431
447 57 439
455 58 447
463 59 455
471 60 463
479 61 471
487 62 479
5 128 32
64 129 128
65 130 129
66 131 130
67 132 131
68 133 132
69 134 133
70 135 134
3 192 16
48 193 192
49 194 193
50 195 194
51 196 195
52 197 196
53 198 197
54 199 198
40 472 41
480 473 472
481 474 473
482 475 474
483 476 475
484 477 476
485 478 477
486 479 478
41 464 42
472 465 464
469 477 493
474 467 466
475 468 467
476 469 468
433 441 494
478 471 470
42 456 43
464 457 456
465 458 457
466 459 458
467 460 459
468 461 460
469 462 461
470 463 462
43 448 44
456 449 448
457 450 449
458 451 450
459 452 451
460 453 452
461 454 453
462 455 454
44 440 45
448 441 440
449 442 441
450 443 442
451 444 443
452 445 444
453 446 445
454 447 446
45 432 46
440 433 432
437 445 495
442 435 434
443 436 435
444 437 436
177 185 496
446 439 438
46 424 47
432 425 424
433 426 425
434 427 426
435 428 427
436 429 428
437 430 429
438 431 430
47 200 2
424 201 200
425 202 201
426 203 202
427 204 203
428 205 204
429 206 205
430 207 206
48 408 49
416 409 408
417 410 409
418 411 410
419 412 411
420 413 412
421 414 413
422 415 414
49 400 50
408 401 400
405 413 505
410 403 402
411 404 403
412 405 404
369 377 506
414 407 406
50 392 51
400 393 392
401 394 393
402 395 394
403 396 395
404 397 396
405 398 397
406 399 398
51 384 52
392 385 384
393 386 385
394 387 386
395 388 387
396 389 388
397 390 389
398 391 390
52 376 53
384 377 376
385 378 377
386 379 378
387 380 379
388 381 380
389 382 381
390 383 382
53 368 54
376 369 368
373 381 507
378 371 370
379 372 371
380 373 372
337 345 508
382 375 374
54 360 55
368 361 360
369 362 361
370 363 362
371 364 363
372 365 364
373 366 365
374 367 366
55 224 7
360 225 224
361 226 225
362 227 226
363 228 227
364 229 228
365 230 229
366 231 230
15 344 14
352 345 344
353 346 345
354 347 346
355 348 347
356 349 348
357 350 349
358 351 350
14 336 13
344 337 336
341 349 509
346 339 338
347 340 339
348 341 340
305 313 510
350 343 342
13 328 12
336 329 328
337 330 329
338 331 330
339 332 331
340 333 332
341 334 333
342 335 334
12 320 11
328 321 320
329 322 321
330 323 322
331 324 323
332 325 324
333 326 325
334 327 326
11 312 10
320 313 312
321 314 313
322 315 314
323 316 315
324 317 316
325 318 317
326 319 318
10 304 9
312 305 304
309 317 511
314 307 306
315 308 307
316 309 308
318 311 310
9 296 8
304 297 296
305 298 297
306 299 298
307 300 299
308 301 300
309 302 301
310 303 302
8 207 0
296 206 207
297 205 206
298 204 205
299 203 204
300 202 203
301 201 202
302 200 201
24 280 25
288 281 280
289 282 281
290 283 282
291 284 283
292 285 284
293 286 285
294 287 286
25 272 26
280 273 272
277 285 501
282 275 274
283 276 275
284 277 276
241 249 502
286 279 278
26 264 27
272 265 264
273 266 265
274 267 266
275 268 267
276 269 268
277 270 269
278 271 270
27 256 28
264 257 256
265 258 257
266 259 258
267 260 259
268 261 260
269 262 261
270 263 262
28 248 29
256 249 248
257 250 249
258 251 250
259 252 251
260 253 252
261 254 253
262 255 254
29 240 30
248 241 240
245 253 503
250 243 242
251 244 243
252 245 244
401 409 504
254 247 246
30 232 31
240 233 232
241 234 233
242 235 234
243 236 235
244 237 236
245 238 237
246 239 238
31 223 6
232 222 223
233 221 222
234 220 221
235 219 220
236 218 219
237 217 218
238 216 217
3 416 48
215 417 416
214 418 417
213 419 418
419 211 420
211 421 420
210 422 421
209 423 422
6 480 40
223 481 480
222 482 481
221 483 482
483 219 484
219 485 484
218 486 485
217 487 486
7 288 24
224 289 288
225 290 289
226 291 290
227 292 291
228 293 292
229 294 293
230 295 294
1 352 15
208 353 352
209 354 353
210 355 354
211 356 355
212 357 356
213 358 357
214 359 358
113 121 488
121 122 488
122 114 488
114 113 488
125 126 489
126 118 489
118 117 489
89 90 490
90 82 490
82 81 490
93 94 491
94 86 491
86 85 491
473 474 492
474 466 492
466 465 492
477 478 493
478 470 493
470 469 493
441 442 494
442 434 494
434 433 494
445 446 495
446 438 495
438 437 495
185 186 496
186 178 496
178 177 496
189 190 497
190 182 497
182 181 497
153 154 498
154 146 498
146 145 498
157 158 499
158 150 499
150 149 499
281 282 500
282 274 500
274 273 500
285 286 501
286 278 501
278 277 501
249 250 502
250 242 502
242 241 502
253 254 503
254 246 503
246 245 503
409 410 504
410 402 504
402 401 504
413 414 505
414 406 505
406 405 505
377 378 506
378 370 506
370 369 506
381 382 507
382 374 507
374 373 507
345 346 508
346 338 508
338 337 508
349 350 509
350 342 509
342 341 509
313 314 510
314 306 510
306 305 510
317 318 511
318 310 511
310 309 511
215 3 16
55 7 24
231 5 32
71 1 15
216 4 63
208 1 71
79 8 0
87 9 8
95 10 9
103 11 10
111 12 11
119 13 12
127 14 13
135 15 14
239 39 4
247 38 39
255 37 38
263 36 37
271 35 36
279 34 35
287 33 34
295 32 33
143 31 6
151 30 31
159 29 30
167 28 29
175 27 28
183 26 27
191 25 26
199 24 25
303 23 2
311 22 23
319 21 22
327 20 21
335 19 20
343 18 19
351 17 18
359 16 17
16 192 184
192 193 185
193 194 186
194 195 187
195 196 188
196 197 189
197 198 190
198 199 191
17 184 176
184 185 177
186 187 179
187 188 180
188 189 181
190 191 183
18 176 168
176 177 169
177 178 170
178 179 171
179 180 172
180 181 173
181 182 174
182 183 175
19 168 160
168 169 161
169 170 162
170 171 163
171 172 164
172 173 165
173 174 166
174 175 167
20 160 152
160 161 153
161 162 154
162 163 155
163 164 156
164 165 157
165 166 158
166 167 159
21 152 144
152 153 145
154 155 147
155 156 148
156 157 149
158 159 151
22 144 136
144 145 137
145 146 138
146 147 139
147 148 140
148 149 141
149 150 142
150 151 143
23 136 47
136 137 46
137 138 45
138 139 44
139 140 43
140 141 42
141 142 41
142 143 40
32 128 120
128 129 121
129 130 122
130 131 123
131 132 124
132 133 125
133 134 126
134 135 127
33 120 112
120 121 113
122 123 115
123 124 116
124 125 117
126 127 119
34 112 104
112 113 105
113 114 106
114 115 107
115 116 108
116 117 109
117 118 110
118 119 111
35 104 96
104 105 97
105 106 98
106 107 99
107 108 100
108 109 101
109 110 102
110 111 103
36 96 88
96 97 89
97 98 90
98 99 91
99 100 92
100 101 93
101 102 94
102 103 95
37 88 80
88 89 81
90 91 83
91 92 84
92 93 85
94 95 87
38 80 72
80 81 73
81 82 74
82 83 75
83 84 76
84 85 77
85 86 78
86 87 79
39 72 63
72 73 62
73 74 61
74 75 60
75 76 59
76 77 58
77 78 57
78 79 56
367 64 5
375 65 64
383 66 65
391 67 66
399 68 67
407 69 68
415 70 69
423 71 70
431 56 0
439 57 56
447 58 57
455 59 58
463 60 59
471 61 60
479 62 61
487 63 62
5 64 128
64 65 129
65 66 130
66 67 131
67 68 132
68 69 133
69 70 134
70 71 135
3 48 192
48 49 193
49 50 194
50 51 195
51 52 196
52 53 197
53 54 198
54 55 199
40 480 472
480 481 473
481 482 474
482 483 475
483 484 476
484 485 477
485 486 478
486 487 479
41 472 464
472 473 465
474 475 467
475 476 468
476 477 469
478 479 471
42 464 456
464 465 457
465 466 458
466 467 459
467 468 460
468 469 461
469 470 462
470 471 463
43 456 448
456 457 449
457 458 450
458 459 451
459 460 452
460 461 453
461 462 454
462 463 455
44 448 440
448 449 441
449 450 442
450 451 443
451 452 444
452 453 445
453 454 446
454 455 447
45 440 432
440 441 433
442 443 435
443 444 436
444 445 437
446 447 439
46 432 424
432 433 425
433 434 426
434 435 427
435 436 428
436 437 429
437 438 430
438 439 431
47 424 200
424 425 201
425 426 202
426 427 203
427 428 204
428 429 205
429 430 206
430 431 207
48 416 408
416 417 409
417 418 410
418 419 411
419 420 412
420 421 413
421 422 414
422 423 415
49 408 400
408 409 401
410 411 403
411 412 404
412 413 405
414 415 407
50 400 392
400 401 393
401 402 394
402 403 395
403 404 396
404 405 397
405 406 398
406 407 399
51 392 384
392 393 385
393 394 386
394 395 387
395 396 388
396 397 389
397 398 390
398 399 391
52 384 376
384 385 377
385 386 378
386 387 379
387 388 380
388 389 381
389 390 382
390 391 383
53 376 368
376 377 369
378 379 371
379 380 372
380 381 373
382 383 375
54 368 360
368 369 361
369 370 362
370 371 363
371 372 364
372 373 365
373 374 366
374 375 367
55 360 224
360 361 225
361 362 226
362 363 227
363 364 228
364 365 229
365 366 230
366 367 231
15 352 344
352 353 345
353 354 346
354 355 347
355 356 348
356 357 349
357 358 350
358 359 351
14 344 336
344 345 337
346 347 339
347 348 340
348 349 341
350 351 343
13 336 328
336 337 329
337 338 330
338 339 331
339 340 332
340 341 333
341 342 334
342 343 335
12 328 320
328 329 321
329 330 322
330 331 323
331 332 324
332 333 325
333 334 326
334 335 327
11 320 312
320 321 313
321 322 314
322 323 315
323 324 316
324 325 317
325 326 318
326 327 319
10 312 304
312 313 305
314 315 307
315 316 308
316 317 309
318 319 311
9 304 296
304 305 297
305 306 298
306 307 299
307 308 300
308 309 301
309 310 302
310 311 303
8 296 207
296 297 206
297 298 205
298 299 204
299 300 203
300 301 202
301 302 201
302 303 200
24 288 280
288 289 281
289 290 282
290 291 283
291 292 284
292 293 285
293 294 286
294 295 287
25 280 272
280 281 273
282 283 275
283 284 276
284 285 277
286 287 279
26 272 264
272 273 265
273 274 266
274 275 267
275 276 268
276 277 269
277 278 270
278 279 271
27 264 256
264 265 257
265 266 258
266 267 259
267 268 260
268 269 261
269 270 262
270 271 263
28 256 248
256 257 249
257 258 250
258 259 251
259 260 252
260 261 253
261 262 254
262 263 255
29 248 240
248 249 241
250 251 243
251 252 244
252 253 245
254 255 247
30 240 232
240 241 233
241 242 234
242 243 235
243 244 236
244 245 237
245 246 238
246 247 239
31 232 223
232 233 222
233 234 221
234 235 220
235 236 219
236 237 218
237 238 217
238 239 216
3 215 416
215 214 417
214 213 418
213 212 419
419 212 211
211 210 421
210 209 422
209 208 423
6 223 480
223 222 481
222 221 482
221 220 483
483 220 219
219 218 485
218 217 486
217 216 487
7 224 288
224 225 289
225 226 290
226 227 291
227 228 292
228 229 293
229 230 294
230 231 295
1 208 352
208 209 353
209 210 354
210 211 355
211 212 356
212 213 357
213 214 358
214 215 359
